43 0.0703125 0.228125 0.04375 0.052083333333333336
3 0.864109375 0.40368750000000003 0.049890625 0.0593125
49 0.9796875 0.4010416666666667 0.0375 0.05625
45 0.34609375 0.265625 0.0484375 0.06875
44 0.1234375 0.3530625 0.034375 0.041666666666666664
34 0.886296875 0.6293124999999999 0.038234375 0.04583333333333333
49 0.5328125 0.45 0.059375 0.07916666666666666
19 0.63125 0.2750625 0.0375 0.052083333333333336
20 0.50625 0.29375 0.03125 0.04583333333333333
17 0.7223437500000001 0.38702083333333337 0.0240625 0.03208333333333333
46 0.28046875 0.44479166666666664 0.0328125 0.04375
10 0.6546875 0.5375 0.05 0.06666666666666667
1 0.653125 0.41875 0.03125 0.041666666666666664
48 0.35 0.3177083333333333 0.028125 0.035416666666666666
35 0.43125 0.609375 0.025 0.035416666666666666
42 0.303125 0.5251458333333333 0.028125 0.03333333333333333
41 0.40546875 0.5489583333333333 0.0265625 0.035416666666666666
39 0.37265625 0.6182708333333333 0.0234375 0.030145833333333334
5 0.46176562499999996 0.48500000000000004 0.020203125 0.025833333333333333
33 0.68671875 0.8135416666666667 0.0609375 0.08541666666666667
37 0.586359375 0.6288125 0.022703124999999998 0.028187499999999997
40 0.487140625 0.5651458333333333 0.022609375 0.030000000000000002
47 0.526984375 0.3521458333333333 0.021046875 0.024854166666666667
6 0.53203125 0.5228541666666666 0.0234375 0.03125
9 0.664890625 0.6396458333333332 0.05 0.06458333333333334
36 0.628125 0.5708333333333333 0.025 0.03333333333333333
49 0.67890625 0.6125 0.0203125 0.025
50 0.535109375 0.46479166666666666 0.024375 0.034583333333333334