43 0.0671875 0.23854166666666668 0.04375 0.052083333333333336
3 0.8625 0.39479166666666665 0.05 0.06041666666666667
49 0.978125 0.38958333333333334 0.0375 0.05625
45 0.34296875 0.26875 0.05 0.07083333333333333
44 0.121875 0.3614583333333333 0.034375 0.041666666666666664
34 0.88828125 0.6197916666666666 0.0390625 0.04583333333333333
49 0.53203125 0.44895833333333335 0.0609375 0.08125
19 0.628125 0.271875 0.0375 0.052083333333333336
20 0.50390625 0.29375 0.03125 0.04583333333333333
17 0.72109375 0.38229166666666664 0.025 0.03333333333333333
46 0.2796875 0.45 0.0328125 0.04375
10 0.65546875 0.534375 0.0515625 0.06875
1 0.65234375 0.415625 0.03125 0.041666666666666664
48 0.34765625 0.32083333333333336 0.028125 0.035416666666666666
35 0.4328125 0.6114583333333333 0.025 0.035416666666666666
42 0.303125 0.5302083333333333 0.028125 0.03333333333333333
41 0.40625 0.5510416666666667 0.0265625 0.035416666666666666
39 0.37421875 0.6208333333333333 0.0234375 0.03125
5 0.46171875 0.48541666666666666 0.0203125 0.027083333333333334
33 0.690625 0.809375 0.0625 0.0875
37 0.58828125 0.6270833333333333 0.0234375 0.029166666666666667
40 0.48828125 0.565625 0.0234375 0.03125
47 0.525 0.35104166666666664 0.021875 0.025
6 0.53203125 0.521875 0.0234375 0.03125
9 0.66640625 0.6354166666666666 0.0515625 0.06666666666666667
36 0.62890625 0.5677083333333334 0.025 0.03333333333333333
49 0.68046875 0.6083333333333333 0.0203125 0.025
50 0.534375 0.4635416666666667 0.025 0.035416666666666666