21 0.63125 0.390625 0.046875 0.06041666666666667
7 0.64296875 0.7645833333333333 0.0421875 0.05625
3 0.4203125 0.6072916666666667 0.040625 0.05625
20 0.040625 0.53125 0.046875 0.05625
4 0.60390625 0.484375 0.0421875 0.05625
14 0.9015625 0.525 0.040625 0.04791666666666667
27 0.9875 0.8197916666666667 0.025 0.04375
34 0.4671875 0.8041666666666667 0.0296875 0.04375
9 0.24921875 0.89375 0.059375 0.08125
25 0.921875 0.5677083333333334 0.0296875 0.03333333333333333
37 0.1734375 0.9072916666666667 0.0265625 0.0375
19 0.19453125 0.5010416666666667 0.0421875 0.05416666666666667
0 0.0859375 0.7114583333333333 0.0421875 0.05
40 0.02734375 0.871875 0.0359375 0.04583333333333333
50 0.528125 0.584375 0.03125 0.041666666666666664
11 0.78515625 0.6364583333333333 0.0625 0.0875
26 0.9171875 0.621875 0.028125 0.03333333333333333
13 0.72578125 0.6333333333333333 0.0390625 0.04791666666666667
10 0.228125 0.7822916666666667 0.059375 0.07916666666666666
18 0.58828125 0.59375 0.0234375 0.029166666666666667
1 0.234375 0.6489583333333333 0.034375 0.04375
15 0.68671875 0.53125 0.025 0.03333333333333333
29 0.30625 0.6041666666666666 0.025 0.03333333333333333
16 0.69296875 0.6208333333333333 0.0234375 0.03333333333333333
8 0.828125 0.7572916666666667 0.040625 0.05
38 0.28125 0.85625 0.028125 0.035416666666666666
6 0.09375 0.7989583333333333 0.0328125 0.0375
12 0.7921875 0.71875 0.0671875 0.08541666666666667
49 0.50625 0.590625 0.021875 0.04375
47 0.08203125 0.5916666666666667 0.028125 0.03125
49 0.21875 0.8270833333333333 0.0296875 0.029166666666666667
49 0.815625 0.6895833333333333 0.0203125 0.03125