21 0.6328125 0.39375 0.046875 0.058333333333333334
7 0.63984375 0.7677083333333333 0.0421875 0.05625
3 0.41875 0.6052083333333333 0.040625 0.05625
20 0.040625 0.5208333333333334 0.046875 0.05416666666666667
4 0.60390625 0.4864583333333333 0.0421875 0.05625
14 0.9015625 0.534375 0.040625 0.04791666666666667
27 0.98515625 0.8322916666666667 0.0265625 0.04375
34 0.46328125 0.803125 0.0296875 0.04375
9 0.244109375 0.8875 0.0578125 0.07916666666666666
25 0.92109375 0.5770833333333333 0.0296875 0.03333333333333333
37 0.16796875 0.9 0.0265625 0.0375
19 0.19453125 0.49431250000000004 0.0421875 0.05416666666666667
0 0.08359375 0.7020833333333333 0.0421875 0.05
40 0.02265625 0.8604166666666667 0.0359375 0.04583333333333333
50 0.526984375 0.5854166666666667 0.03125 0.041666666666666664
11 0.78359375 0.6427083333333333 0.0609375 0.08541666666666667
26 0.915625 0.63125 0.028125 0.03333333333333333
13 0.72421875 0.6385416666666667 0.0390625 0.04791666666666667
10 0.22421875 0.7760416666666666 0.0578125 0.07708333333333334
18 0.58671875 0.5958333333333333 0.0234375 0.029166666666666667
1 0.2328125 0.6427083333333333 0.034375 0.04375
15 0.6859375 0.5359791666666667 0.025 0.03333333333333333
29 0.3046875 0.6 0.025 0.03333333333333333
16 0.69140625 0.625 0.0234375 0.03333333333333333
8 0.825 0.7645833333333333 0.040625 0.05
38 0.2765625 0.8510416666666667 0.028125 0.035416666666666666
6 0.08984375 0.7895833333333333 0.0328125 0.0375
12 0.7890625 0.725 0.065625 0.08333333333333333
49 0.5046875 0.590625 0.021875 0.04375
47 0.08125 0.5822916666666667 0.028125 0.03125
49 0.21484375 0.8208333333333333 0.0296875 0.029166666666666667
49 0.81328125 0.696875 0.0203125 0.03125