47 0.53203125 0.2708333333333333 0.0203125 0.029166666666666667
45 0.32265625 0.17916666666666667 0.0484375 0.07083333333333333
1 0.65078125 0.334375 0.0328125 0.04375
39 0.38046875 0.5417291666666666 0.0234375 0.029020833333333333
35 0.43515625 0.53125 0.0234375 0.03333333333333333
20 0.49879687500000003 0.20722916666666666 0.033640625 0.043604166666666666
42 0.307078125 0.4490208333333333 0.026671875 0.03333333333333333
40 0.490625 0.4875 0.021875 0.029166666666666667
6 0.5359375 0.44583333333333336 0.021875 0.029166666666666667
0 0.530109375 0.37139583333333337 0.032078125 0.040562499999999994
19 0.6203125 0.18333333333333332 0.040625 0.058333333333333334
48 0.34765625 0.23958333333333334 0.0265625 0.0375
46 0.27734375 0.3688125 0.0328125 0.04152083333333333
43 0.0578125 0.15104166666666666 0.04375 0.05625
41 0.40625 0.4708333333333333 0.025 0.03333333333333333
44 0.12421875 0.28125 0.0328125 0.041666666666666664
34 0.884375 0.5416666666666666 0.0375 0.04583333333333333
5 0.46484375 0.40625 0.0203125 0.029166666666666667
38 0.68046875 0.5364583333333334 0.0234375 0.03125
9 0.64453125 0.5510416666666667 0.0484375 0.06458333333333334
37 0.58984375 0.5479166666666667 0.0203125 0.029166666666666667
33 0.653546875 0.7152083333333333 0.058546875 0.07791666666666666
17 0.72578125 0.3020833333333333 0.0234375 0.03333333333333333
3 0.853125 0.309375 0.053125 0.06458333333333334
10 0.63359375 0.4479166666666667 0.0484375 0.06666666666666667
49 0.9809374999999999 0.306875 0.038125 0.0593125
36 0.6296875 0.49270833333333336 0.025 0.03125