21 0.26796875 0.19270833333333334 0.05625 0.07708333333333334
3 0.0296875 0.46770833333333334 0.059375 0.07708333333333334
4 0.24921875 0.2989583333333333 0.053125 0.06875
22 0.73046875 0.18125 0.0375 0.04791666666666667
32 0.5453125 0.7802083333333333 0.0765625 0.10416666666666667
2 0.16015625 0.43333333333333335 0.046875 0.058333333333333334
30 0.709375 0.559375 0.0421875 0.05625
34 0.1390625 0.671875 0.040625 0.05
24 0.75 0.2552083333333333 0.0328125 0.041666666666666664
29 0.70390625 0.715625 0.046875 0.06458333333333334
7 0.31875 0.584375 0.046875 0.0625
27 0.61484375 0.5604166666666667 0.025 0.03333333333333333
15 0.36171875 0.34791666666666665 0.0265625 0.035416666666666666
18 0.26484375 0.42291666666666666 0.028125 0.0375
31 0.3921875 0.8729166666666667 0.0640625 0.09166666666666666
12 0.43828125 0.5166666666666667 0.0625 0.08333333333333333
50 0.32890625 0.625 0.0375 0.04583333333333333
8 0.4875 0.5385416666666667 0.034375 0.04791666666666667
25 0.5640625 0.36041666666666666 0.0234375 0.03333333333333333
13 0.39296875 0.4427083333333333 0.034375 0.052083333333333336
49 0.3734375 0.434375 0.0234375 0.03125
26 0.56328125 0.4083333333333333 0.021875 0.03125
14 0.54296875 0.3229166666666667 0.0359375 0.04583333333333333
28 0.48671875 0.48020833333333335 0.021875 0.029166666666666667
23 0.46171875 0.459375 0.0265625 0.035416666666666666
11 0.43203125 0.43645833333333334 0.0578125 0.07708333333333334