32 0.93828125 0.8916666666666667 0.0953125 0.13125
20 0.1453125 0.11770833333333333 0.046875 0.058333333333333334
4 0.73671875 0.21145833333333333 0.053125 0.07083333333333333
50 0.54765625 0.81875 0.0484375 0.06875
3 0.5109375 0.29791666666666666 0.0421875 0.06041666666666667
7 0.7109375 0.5208333333333334 0.04375 0.058333333333333334
2 0.60859375 0.31145833333333334 0.0375 0.052083333333333336
31 0.7171875 0.84375 0.1328125 0.17916666666666667
11 0.90703125 0.43125 0.0765625 0.08958333333333333
13 0.83203125 0.415625 0.0453125 0.05416666666666667
9 0.31796875 0.5208333333333334 0.0546875 0.07083333333333333
1 0.32578125 0.29270833333333335 0.034375 0.04583333333333333
10 0.3078125 0.41354166666666664 0.05625 0.06875
16 0.79609375 0.396875 0.0296875 0.03333333333333333
21 0.79609375 0.103125 0.0609375 0.08333333333333333
0 0.18671875 0.3145833333333333 0.0390625 0.04791666666666667
15 0.81171875 0.3020833333333333 0.0296875 0.0375
41 0.01953125 0.421875 0.0359375 0.04375
17 0.40078125 0.2708333333333333 0.0265625 0.0375
5 0.10234375 0.346875 0.0328125 0.03958333333333333
38 0.35390625 0.5 0.025 0.035416666666666666
8 0.9046875 0.5739583333333333 0.046875 0.04791666666666667
40 0.1375 0.44479166666666664 0.034375 0.03958333333333333
19 0.2953125 0.12395833333333334 0.046875 0.0625
33 0.32734375 0.6927083333333334 0.0640625 0.08333333333333333
47 0.1890625 0.19895833333333332 0.028125 0.03333333333333333
37 0.26015625 0.5135416666666667 0.025 0.03333333333333333
6 0.19453125 0.4010416666666667 0.03125 0.035416666666666666
18 0.68828125 0.33958333333333335 0.0265625 0.03333333333333333
49 0.8890625 0.4708333333333333 0.0359375 0.027083333333333334
35 0.059375 0.4947916666666667 0.034375 0.04375
34 0.53046875 0.50625 0.0328125 0.041666666666666664
36 0.303125 0.45729166666666665 0.0296875 0.027083333333333334
12 0.88828125 0.5229166666666667 0.0796875 0.09375