31 0.7875 0.7197916666666667 0.06875 0.0875
19 0.2046875 0.3104166666666667 0.0453125 0.06041666666666667
4 0.615625 0.15208333333333332 0.0484375 0.06458333333333334
18 0.62421875 0.28541666666666665 0.025 0.03333333333333333
13 0.76875 0.2760416666666667 0.040625 0.05416666666666667
2 0.53828125 0.30416666666666664 0.0375 0.05
7 0.69140625 0.434375 0.0421875 0.05625
34 0.53125 0.5197916666666667 0.03125 0.041666666666666664
20 0.07265625 0.384375 0.0453125 0.05416666666666667
1 0.2859375 0.44166666666666665 0.034375 0.04375
6 0.20078125 0.6083333333333333 0.0296875 0.0375
0 0.16640625 0.5354166666666667 0.0359375 0.04791666666666667
50 0.63203125 0.7510416666666667 0.0328125 0.04375
16 0.73671875 0.278125 0.0234375 0.03333333333333333
3 0.4453125 0.3458333333333333 0.0421875 0.058333333333333334
9 0.33671875 0.6479166666666667 0.0515625 0.06875
15 0.721875 0.18541666666666667 0.028125 0.035416666666666666
17 0.34765625 0.38125 0.025 0.035416666666666666
10 0.2953125 0.559375 0.0546875 0.07291666666666667
33 0.390625 0.7989583333333333 0.0609375 0.08541666666666667
21 0.63046875 0.034375 0.0546875 0.06875
37 0.29375 0.675 0.0234375 0.03125
35 0.10703125 0.7677083333333333 0.0359375 0.041666666666666664
40 0.1625 0.68125 0.03125 0.03958333333333333
38 0.375 0.6114583333333333 0.025 0.0375
47 0.1390625 0.4322916666666667 0.0265625 0.03333333333333333
5 0.10390625 0.6104166666666667 0.0296875 0.0375
8 0.8875 0.3770833333333333 0.046875 0.05625
41 0.0453125 0.7229166666666667 0.0390625 0.04583333333333333
39 0.0359375 0.825 0.034375 0.03958333333333333
14 0.96171875 0.090625 0.04375 0.06041666666666667
36 0.31328125 0.6 0.0296875 0.0375
49 0.8765625 0.3125 0.028125 0.03333333333333333
49 0.96953125 0.6395833333333333 0.0609375 0.11666666666666667
49 0.84453125 0.28958333333333336 0.034375 0.029166666666666667
49 0.9796875 0.203125 0.0171875 0.035416666666666666
49 0.98125 0.140625 0.0125 0.0375
11 0.82578125 0.25104166666666666 0.0703125 0.08958333333333333
12 0.8359375 0.340625 0.0734375 0.0875