3 0.30078125 0.546875 0.04375 0.05625
22 0.97578125 0.24583333333333332 0.0390625 0.04791666666666667
30 0.96875 0.6666666666666666 0.05625 0.06458333333333334
21 0.49765625 0.30520833333333336 0.0453125 0.06041666666666667
7 0.5328125 0.6645833333333333 0.0390625 0.052083333333333336
4 0.478125 0.4 0.040625 0.058333333333333334
9 0.1375 0.8645833333333334 0.0640625 0.08125
34 0.3703125 0.7322916666666667 0.03125 0.041666666666666664
49 0.9890625 0.32395833333333335 0.0140625 0.041666666666666664
1 0.10390625 0.6197916666666666 0.0390625 0.04583333333333333
2 0.396875 0.51875 0.034375 0.04583333333333333
50 0.24765625 0.5947916666666667 0.0390625 0.04791666666666667
31 0.61015625 0.9583333333333334 0.0625 0.07708333333333334
19 0.0359375 0.46979166666666666 0.05625 0.0625
14 0.75546875 0.4083333333333333 0.034375 0.041666666666666664
27 0.83984375 0.6614583333333334 0.028125 0.035416666666666666
32 0.7828125 0.8864583333333333 0.08125 0.1125
29 0.965625 0.8510416666666667 0.0609375 0.07083333333333333
37 0.065625 0.89375 0.0296875 0.03958333333333333
38 0.1796875 0.821875 0.0296875 0.0375
8 0.69765625 0.63125 0.0359375 0.04583333333333333
15 0.5671875 0.440625 0.0234375 0.03125
11 0.65 0.5229166666666667 0.0546875 0.07083333333333333
26 0.77421875 0.49583333333333335 0.0234375 0.029166666666666667
13 0.6046875 0.53125 0.0359375 0.04583333333333333
49 0.18515625 0.5614583333333333 0.028125 0.03333333333333333
18 0.47734375 0.5125 0.0234375 0.03125
16 0.57734375 0.5229166666666667 0.0203125 0.029166666666666667
28 0.68984375 0.5708333333333333 0.021875 0.029166666666666667
49 0.665625 0.553125 0.0265625 0.027083333333333334
36 0.10859375 0.8052083333333333 0.034375 0.03333333333333333
10 0.10234375 0.7572916666666667 0.06875 0.08125
49 0.1921875 0.9989583333333333 0.028125 0.0020833333333333333
25 0.77578125 0.446875 0.025 0.03125
12 0.65859375 0.6 0.059375 0.07708333333333334