48 0.31328125 0.44479166666666664 0.0265625 0.03333333333333333
45 0.2859375 0.39375 0.0484375 0.06041666666666667
19 0.56796875 0.3885416666666667 0.0359375 0.04791666666666667
1 0.60625 0.5260416666666666 0.03125 0.03958333333333333
20 0.45859375 0.4114583333333333 0.0328125 0.041666666666666664
35 0.3984375 0.7291666666666666 0.0265625 0.035416666666666666
41 0.3703125 0.6666666666666666 0.0265625 0.035416666666666666
39 0.3421875 0.7416666666666667 0.021875 0.029166666666666667
46 0.2390625 0.56875 0.0328125 0.041666666666666664
6 0.49921875 0.634375 0.0234375 0.029166666666666667
3 0.78515625 0.4979166666666667 0.0453125 0.058333333333333334
42 0.26796875 0.646875 0.0265625 0.03333333333333333
40 0.45625 0.6791666666666667 0.0234375 0.03125
45 0.4921875 0.4666666666666667 0.0203125 0.029166666666666667
33 0.61640625 0.915625 0.0609375 0.08958333333333333
0 0.490625 0.5625 0.0296875 0.0375
44 0.08984375 0.4875 0.0328125 0.03958333333333333
17 0.67734375 0.49166666666666664 0.0234375 0.03333333333333333
34 0.84296875 0.7197916666666667 0.0359375 0.04791666666666667
37 0.559375 0.740625 0.021875 0.03333333333333333
2 0.90859375 0.4895833333333333 0.0453125 0.05416666666666667
5 0.4296875 0.6 0.021875 0.029166666666666667
9 0.60234375 0.7395833333333334 0.05 0.06875
10 0.58515625 0.6375 0.05 0.06875
38 0.64765625 0.7229166666666667 0.0234375 0.035416666666666666
43 0.034375 0.371875 0.040625 0.05
36 0.59453125 0.6802083333333333 0.025 0.03125