43 0.14296875 0.41041666666666665 0.040625 0.052083333333333336
3 0.91171875 0.44895833333333335 0.059375 0.06875
45 0.3859375 0.40208333333333335 0.05 0.06666666666666667
50 0.95625 0.3104166666666667 0.0515625 0.06041666666666667
20 0.54296875 0.4010416666666667 0.0328125 0.04791666666666667
44 0.19375 0.515625 0.0328125 0.041666666666666664
19 0.66015625 0.3625 0.040625 0.05416666666666667
46 0.3390625 0.5791666666666667 0.0328125 0.04583333333333333
34 0.97734375 0.6770833333333334 0.0453125 0.05416666666666667
10 0.7078125 0.6166666666666667 0.05625 0.075
1 0.7015625 0.496875 0.0359375 0.04583333333333333
42 0.3671875 0.6520833333333333 0.0265625 0.035416666666666666
9 0.73125 0.7197916666666667 0.0578125 0.075
0 0.584375 0.5479166666666667 0.0328125 0.04375
48 0.3984375 0.44895833333333335 0.028125 0.0375
49 0.753125 0.6947916666666667 0.0265625 0.035416666666666666
6 0.5921875 0.6197916666666666 0.025 0.03333333333333333
17 0.76953125 0.45416666666666666 0.028125 0.0375
37 0.65859375 0.7197916666666667 0.0234375 0.03333333333333333
40 0.55078125 0.66875 0.028125 0.0375
35 0.49765625 0.7208333333333333 0.0265625 0.0375
41 0.4671875 0.6625 0.028125 0.03958333333333333
39 0.44140625 0.7375 0.0234375 0.03333333333333333
5 0.51796875 0.590625 0.0234375 0.03333333333333333
47 0.57265625 0.4510416666666667 0.021875 0.029166666666666667
33 0.76953125 0.9041666666666667 0.075 0.10416666666666667
49 0.69609375 0.6572916666666667 0.03125 0.041666666666666664