43 0.34765625 0.409375 0.034375 0.04583333333333333
46 0.60625 0.4739583333333333 0.0515625 0.07083333333333333
19 0.915625 0.5375 0.053125 0.0625
42 0.4953125 0.7302083333333333 0.0515625 0.075
20 0.75078125 0.5375 0.0375 0.05
44 0.3640625 0.5291666666666667 0.0296875 0.03958333333333333
46 0.49296875 0.646875 0.0328125 0.04375
1 0.9203125 0.7114583333333333 0.0421875 0.05
41 0.59765625 0.7875 0.028125 0.041666666666666664
48 0.56953125 0.5354166666666667 0.028125 0.0375
40 0.684375 0.8333333333333334 0.028125 0.0375
10 0.9625 0.8708333333333333 0.0640625 0.09791666666666667
37 0.79765625 0.9458333333333333 0.028125 0.03958333333333333
35 0.61875 0.865625 0.028125 0.041666666666666664
6 0.73984375 0.8 0.028125 0.0375
49 0.965625 0.9822916666666667 0.053125 0.035416666666666666
5 0.66015625 0.73125 0.0234375 0.03333333333333333
49 0.98828125 0.690625 0.015625 0.0375
36 0.86875 0.89375 0.0359375 0.04583333333333333
0 0.76328125 0.715625 0.0359375 0.04791666666666667
38 0.92890625 0.975 0.034375 0.04583333333333333
47 0.7453125 0.6041666666666666 0.0234375 0.03125
39 0.54921875 0.85625 0.0234375 0.035416666666666666