3 0.23125 0.678125 0.0484375 0.0625
21 0.44375 0.43333333333333335 0.0453125 0.06041666666666667
34 0.90234375 0.79375 0.053125 0.06458333333333334
4 0.42265625 0.5270833333333333 0.0421875 0.058333333333333334
24 0.91015625 0.4635416666666667 0.0359375 0.041666666666666664
49 0.90859375 0.9645833333333333 0.0515625 0.03125
22 0.88203125 0.39479166666666665 0.0359375 0.04375
7 0.475 0.8010416666666667 0.0421875 0.06041666666666667
17 0.10078125 0.69375 0.034375 0.03958333333333333
27 0.77890625 0.790625 0.028125 0.0375
14 0.68984375 0.540625 0.0328125 0.04583333333333333
49 0.0171875 0.7572916666666667 0.0234375 0.052083333333333336
8 0.64140625 0.7614583333333333 0.0359375 0.05
11 0.59453125 0.6520833333333333 0.0546875 0.07291666666666667
2 0.3359375 0.6479166666666667 0.0375 0.05
15 0.509375 0.5677083333333334 0.0234375 0.03125
34 0.29921875 0.8802083333333334 0.0359375 0.04791666666666667
13 0.54765625 0.659375 0.0359375 0.05
25 0.71171875 0.575 0.0234375 0.03125
38 0.075 0.984375 0.0375 0.03125
12 0.603125 0.7333333333333333 0.0578125 0.08125
18 0.41875 0.6395833333333333 0.025 0.035416666666666666
26 0.71015625 0.6239583333333333 0.0203125 0.029166666666666667
16 0.52109375 0.6510416666666666 0.0234375 0.03333333333333333
49 0.021875 0.9145833333333333 0.0234375 0.07916666666666666
50 0.02890625 0.9833333333333333 0.0359375 0.03333333333333333
49 0.6328125 0.6979166666666666 0.0203125 0.029166666666666667
49 0.72890625 0.9833333333333333 0.0421875 0.010416666666666666
49 0.609375 0.6822916666666666 0.025 0.03125