21 0.83359375 0.18125 0.0640625 0.08333333333333333
4 0.7703125 0.2791666666666667 0.05625 0.07291666666666667
49 0.925 0.9572916666666667 0.075 0.08541666666666667
20 0.20546875 0.13645833333333332 0.046875 0.06041666666666667
7 0.73046875 0.5822916666666667 0.0484375 0.06041666666666667
34 0.55 0.546875 0.0328125 0.04375
3 0.54296875 0.3416666666666667 0.0453125 0.06458333333333334
31 0.715625 0.9083333333333333 0.0734375 0.09583333333333334
11 0.93125 0.515625 0.0796875 0.09791666666666667
13 0.8578125 0.49166666666666664 0.0484375 0.06041666666666667
2 0.6390625 0.3625 0.040625 0.05416666666666667
10 0.3375 0.434375 0.0625 0.07708333333333334
15 0.84453125 0.3729166666666667 0.0328125 0.03958333333333333
12 0.90859375 0.6041666666666666 0.0875 0.1
16 0.82421875 0.4666666666666667 0.03125 0.0375
33 0.3390625 0.709375 0.06875 0.0875
19 0.3453125 0.15729166666666666 0.0484375 0.06875
18 0.71875 0.396875 0.0265625 0.035416666666666666
9 0.340625 0.5385416666666667 0.0546875 0.07083333333333333
40 0.17265625 0.44583333333333336 0.0328125 0.03958333333333333
50 0.5109375 0.6322916666666667 0.040625 0.05625
8 0.92734375 0.6583333333333333 0.053125 0.058333333333333334
1 0.3640625 0.3177083333333333 0.034375 0.04583333333333333
0 0.2296875 0.32708333333333334 0.0375 0.04791666666666667
5 0.146875 0.35 0.03125 0.03958333333333333
39 0.01796875 0.490625 0.0359375 0.041666666666666664
17 0.4375 0.30416666666666664 0.028125 0.03958333333333333
47 0.23984375 0.21458333333333332 0.028125 0.035416666666666666
35 0.09609375 0.4875 0.0375 0.04583333333333333
37 0.2859375 0.5239583333333333 0.025 0.03333333333333333
6 0.23125 0.4083333333333333 0.0296875 0.035416666666666666
41 0.0609375 0.409375 0.0375 0.04791666666666667
38 0.37734375 0.5208333333333334 0.0265625 0.035416666666666666
49 0.91640625 0.5552083333333333 0.0359375 0.027083333333333334
36 0.33046875 0.475 0.0296875 0.03125
49 0.940625 0.5875 0.025 0.03958333333333333