32 0.953125 0.8604166666666667 0.090625 0.125
20 0.13046875 0.14270833333333333 0.0453125 0.05625
4 0.725 0.19583333333333333 0.05 0.06666666666666667
50 0.56015625 0.8145833333333333 0.0453125 0.06666666666666667
3 0.503125 0.29791666666666666 0.040625 0.058333333333333334
7 0.711765625 0.5057708333333334 0.042078125 0.05514583333333333
2 0.60078125 0.30416666666666664 0.0359375 0.05
31 0.73046875 0.8277083333333334 0.1265625 0.16958333333333334
11 0.90390625 0.403125 0.0734375 0.08541666666666667
13 0.828125 0.3927083333333333 0.04375 0.052083333333333336
9 0.319171875 0.5333958333333333 0.052296875 0.06652083333333333
1 0.31796875 0.30520833333333336 0.0328125 0.04375
10 0.304734375 0.4275 0.053015625 0.065
16 0.791453125 0.37604166666666666 0.028125 0.03125
21 0.78046875 0.08333333333333333 0.0578125 0.07916666666666666
0 0.1796875 0.3365208333333333 0.0375 0.04583333333333333
15 0.803125 0.28020833333333334 0.028125 0.035416666666666666
41 0.016765625 0.45583333333333337 0.033546875 0.042499999999999996
17 0.3921875 0.278125 0.025 0.035416666666666666
5 0.096875 0.375 0.03125 0.0375
38 0.35390625 0.5104166666666666 0.0234375 0.03333333333333333
8 0.90703125 0.5458333333333333 0.0453125 0.04583333333333333
40 0.1359375 0.47047916666666667 0.032921875 0.036520833333333336
19 0.28046875 0.13854166666666667 0.0453125 0.06041666666666667
33 0.33515625 0.7041666666666667 0.0609375 0.07916666666666666
47 0.17734375 0.22139583333333332 0.0265625 0.03222916666666667
37 0.26140625 0.5302708333333334 0.024265625 0.03139583333333333
6 0.191046875 0.4220833333333333 0.030625000000000003 0.03333333333333333
18 0.6816718749999999 0.3267291666666667 0.025828125 0.03235416666666666
49 0.8875 0.44375 0.034375 0.025
35 0.059796875000000006 0.5255625 0.033546875 0.040562499999999994
34 0.530890625 0.5043124999999999 0.030515625 0.03972916666666667
36 0.3015625 0.4708333333333333 0.028125 0.025
12 0.88828125 0.49583333333333335 0.0765625 0.0875