3 0.9609375 0.34589583333333335 0.0625 0.06652083333333333
43 0.1671875 0.2552083333333333 0.0375 0.04791666666666667
45 0.40546875 0.2615208333333333 0.0484375 0.0644375
44 0.22265625 0.365625 0.0296875 0.035416666666666666
49 0.99140625 0.5875 0.0140625 0.041666666666666664
19 0.69921875 0.234375 0.0390625 0.05625
10 0.72421875 0.50625 0.0546875 0.07083333333333333
46 0.3625 0.43854166666666666 0.03125 0.03958333333333333
1 0.73515625 0.38229166666666664 0.0328125 0.04375
33 0.76015625 0.7875 0.0671875 0.0875
9 0.73984375 0.6104166666666667 0.0515625 0.06666666666666667
17 0.8125 0.340625 0.028125 0.035416666666666666
42 0.390625 0.5130625 0.025 0.030000000000000002
35 0.5172343749999999 0.5918125 0.025109375 0.035562500000000004
48 0.4265625 0.31145833333333334 0.025 0.035416666666666666
20 0.5734375 0.26979166666666665 0.034375 0.04375
38 0.774265625 0.588125 0.029796875 0.03235416666666666
6 0.616828125 0.5022291666666666 0.024265625 0.03333333333333333
37 0.6773906249999999 0.6031875 0.023546875000000002 0.03139583333333333
40 0.5719218749999999 0.5454166666666667 0.025109375 0.03222916666666667
39 0.46375 0.6027708333333333 0.021046875 0.030270833333333334
0 0.610203125 0.4266041666666667 0.026453125 0.03847916666666666
41 0.48792187499999995 0.5329166666666667 0.025828125 0.0344375
5 0.54375 0.4656875 0.021875 0.0269375
47 0.60625 0.325 0.021875 0.029166666666666667
36 0.7171875 0.546875 0.028125 0.03125