3 0.0546875 0.20208333333333334 0.06875 0.07916666666666666
30 0.71484375 0.5708333333333333 0.090625 0.11875
4 0.3125 0.12083333333333333 0.05625 0.07708333333333334
22 0.8328125 0.19895833333333332 0.0390625 0.05
32 0.50234375 0.7260416666666667 0.0796875 0.10833333333333334
24 0.83125 0.28020833333333334 0.0375 0.04791666666666667
7 0.3234375 0.43854166666666666 0.046875 0.06041666666666667
21 0.35234375 0.027083333333333334 0.0609375 0.05416666666666667
31 0.3328125 0.7479166666666667 0.0640625 0.08541666666666667
2 0.196875 0.22291666666666668 0.046875 0.06041666666666667
34 0.134375 0.45208333333333334 0.040625 0.05
14 0.60390625 0.2677083333333333 0.0359375 0.05
29 0.6703125 0.7197916666666667 0.046875 0.06041666666666667
15 0.41875 0.21979166666666666 0.025 0.0375
8 0.50078125 0.46145833333333336 0.034375 0.04791666666666667
12 0.4546875 0.42083333333333334 0.0609375 0.08333333333333333
27 0.61953125 0.5322916666666667 0.025 0.03333333333333333
18 0.30625 0.25625 0.028125 0.035416666666666666
25 0.6171875 0.31354166666666666 0.0234375 0.03333333333333333
26 0.60390625 0.3614583333333333 0.021875 0.03125
28 0.51171875 0.40208333333333335 0.021875 0.029166666666666667
16 0.41171875 0.30833333333333335 0.021875 0.029166666666666667
23 0.49296875 0.371875 0.0265625 0.035416666666666666
11 0.4671875 0.33645833333333336 0.0609375 0.08333333333333333
13 0.4265625 0.328125 0.034375 0.05416666666666667