43 0.22734375 0.34479166666666666 0.0359375 0.04583333333333333
20 0.6171875 0.353125 0.034375 0.04791666666666667
45 0.4609375 0.34479166666666666 0.0484375 0.06666666666666667
19 0.7453125 0.31666666666666665 0.04375 0.058333333333333334
44 0.271875 0.45 0.03125 0.03958333333333333
10 0.78515625 0.584375 0.059375 0.075
0 0.65390625 0.5041666666666667 0.0328125 0.04375
9 0.803125 0.690625 0.059375 0.075
1 0.78046875 0.46041666666666664 0.034375 0.04583333333333333
17 0.85703125 0.4197916666666667 0.03125 0.0375
46 0.40859375 0.51875 0.0296875 0.04375
6 0.65703125 0.5791666666666667 0.025 0.035416666666666666
42 0.4328125 0.5916666666666667 0.0265625 0.035416666666666666
48 0.46953125 0.39375 0.0296875 0.035416666666666666
35 0.56015625 0.671875 0.028125 0.03958333333333333
40 0.6140625 0.6239583333333333 0.025 0.03333333333333333
37 0.721875 0.684375 0.025 0.035416666666666666
39 0.5015625 0.68125 0.0234375 0.03125
49 0.825 0.66875 0.0265625 0.0375
5 0.58359375 0.54375 0.0234375 0.03333333333333333
41 0.5296875 0.6114583333333333 0.0265625 0.0375
33 0.8375 0.8822916666666667 0.075 0.10208333333333333
47 0.64375 0.40520833333333334 0.0234375 0.03125
49 0.7640625 0.6229166666666667 0.03125 0.0375