48 0.31442187499999996 0.44014583333333335 0.025734374999999997 0.03222916666666667
45 0.2875 0.3886041666666667 0.046875 0.060270833333333336
19 0.56953125 0.390625 0.0359375 0.04791666666666667
1 0.60625 0.528125 0.03125 0.03958333333333333
20 0.45984375 0.4109791666666667 0.0321875 0.040562499999999994
35 0.395734375 0.7267291666666666 0.025828125 0.034312499999999996
41 0.368390625 0.6635416666666667 0.025734374999999997 0.035416666666666666
39 0.3390625 0.7375624999999999 0.021875 0.029020833333333333
46 0.23828125 0.5625 0.0328125 0.041666666666666664
6 0.497609375 0.6343125000000001 0.023546875000000002 0.029166666666666667
3 0.785203125 0.5047291666666667 0.045203125 0.057229166666666664
42 0.26640625 0.6416666666666667 0.0265625 0.03333333333333333
40 0.45390625 0.678125 0.0234375 0.03125
45 0.49296875 0.4666666666666667 0.0203125 0.029166666666666667
33 0.6109375 0.91875 0.059375 0.0875
0 0.48984375 0.5625625 0.0296875 0.03735416666666667
44 0.08984375 0.478125 0.0328125 0.03958333333333333
17 0.67734375 0.49583333333333335 0.0234375 0.03333333333333333
34 0.83984375 0.728125 0.0359375 0.04791666666666667
37 0.5562968749999999 0.7422916666666667 0.021984375 0.03235416666666666
2 0.90859375 0.49895833333333334 0.0453125 0.052083333333333336
5 0.428546875 0.5984791666666667 0.021046875 0.0280625
9 0.59921875 0.7416666666666667 0.0484375 0.06666666666666667
10 0.58359375 0.6395833333333333 0.0484375 0.06666666666666667
38 0.64453125 0.7260416666666667 0.0234375 0.035416666666666666
43 0.035984375 0.3609791666666667 0.040515625 0.04889583333333333
36 0.5921875 0.6822916666666666 0.025 0.03125