21 0.49375 0.40208333333333335 0.04375 0.058333333333333334
30 0.95078125 0.85 0.0578125 0.06666666666666667
22 0.967609375 0.4219375 0.039796874999999995 0.043604166666666666
49 0.015625 0.49375 0.03125 0.0625
7 0.498484375 0.77875 0.040515625 0.055
3 0.26640625 0.6166666666666667 0.0453125 0.058333333333333334
4 0.46640625 0.49431250000000004 0.0421875 0.0530625
27 0.815625 0.8197916666666667 0.028125 0.035416666666666666
24 0.98515625 0.49895833333333334 0.0265625 0.04375
34 0.321921875 0.8245208333333333 0.0328125 0.042645833333333334
2 0.37265625 0.603125 0.0359375 0.04791666666666667
9 0.043796875 0.9418124999999999 0.071765625 0.08722916666666666
1 0.05390625 0.6604166666666667 0.0421875 0.05
14 0.74375 0.5474374999999999 0.034375 0.042645833333333334
15 0.554265625 0.5484791666666666 0.022703124999999998 0.030000000000000002
11 0.63046875 0.6479166666666667 0.0546875 0.075
13 0.58359375 0.646875 0.0359375 0.04791666666666667
17 0.15 0.6125624999999999 0.03125 0.0331875
38 0.10859375 0.8916666666666667 0.0328125 0.041666666666666664
8 0.67265625 0.7672291666666666 0.0359375 0.04889583333333333
25 0.7625 0.5885416666666666 0.025 0.03125
18 0.4578125 0.60625 0.021875 0.029166666666666667
49 0.0296875 0.8134791666666668 0.059375 0.09166666666666666
50 0.6796875 0.65625 0.025 0.03333333333333333
49 0.75859375 0.6354166666666666 0.0234375 0.025
28 0.66875 0.7010416666666667 0.021875 0.03125
36 0.03359375 0.8604166666666667 0.0390625 0.041666666666666664
49 0.6453125 0.678125 0.028125 0.03125
12 0.63203125 0.7322916666666667 0.0609375 0.08125
16 0.55859375 0.634375 0.0203125 0.03125