3 0.09609375 0.5333333333333333 0.0546875 0.0625
21 0.33014062499999997 0.28347916666666667 0.047765625 0.06458333333333334
22 0.775 0.27708333333333335 0.03125 0.041666666666666664
7 0.3625 0.6595208333333333 0.040625 0.051791666666666666
29 0.75078125 0.8145833333333333 0.0453125 0.0625
24 0.7953125 0.3458333333333333 0.03125 0.0375
32 0.5859375 0.8677083333333333 0.071875 0.10208333333333333
4 0.30870312499999997 0.38185416666666666 0.04375 0.05714583333333333
30 0.75703125 0.65 0.0421875 0.05416666666666667
2 0.21796875 0.5041666666666667 0.0390625 0.05
50 0.6625 0.534375 0.03125 0.03958333333333333
34 0.18557812499999998 0.7370833333333333 0.036765625 0.0469375
15 0.41060937500000005 0.42991666666666667 0.022546875 0.0300625
27 0.65859375 0.6479166666666667 0.0234375 0.03333333333333333
8 0.530578125 0.6211249999999999 0.034375 0.041666666666666664
14 0.58671875 0.41041666666666665 0.0296875 0.041666666666666664
12 0.48203125 0.594375 0.0546875 0.0718125
18 0.315625 0.49895833333333334 0.025 0.03125
11 0.47734375 0.5135416666666667 0.0515625 0.06875
25 0.609375 0.44583333333333336 0.021875 0.029166666666666667
13 0.4390625 0.521875 0.03125 0.04791666666666667
28 0.52890625 0.5625 0.0203125 0.029166666666666667
26 0.60703125 0.4938958333333333 0.0203125 0.024708333333333332
31 0.42734375 0.9552083333333333 0.0578125 0.08541666666666667
23 0.50546875 0.5427083333333333 0.0234375 0.03125
49 0.41953125 0.5124375 0.0203125 0.03125