3 0.11875 0.575 0.05625 0.06666666666666667
21 0.35546875 0.3385416666666667 0.05 0.06666666666666667
29 0.76640625 0.8822916666666667 0.0484375 0.06666666666666667
7 0.3765625 0.7083333333333334 0.04375 0.058333333333333334
30 0.77265625 0.7135416666666666 0.046875 0.06041666666666667
22 0.7875 0.3416666666666667 0.0328125 0.04375
24 0.8078125 0.409375 0.034375 0.041666666666666664
4 0.33046875 0.4322916666666667 0.046875 0.0625
49 0.4375 0.984375 0.05625 0.03125
2 0.23671875 0.55 0.0421875 0.05416666666666667
50 0.67421875 0.51875 0.034375 0.04583333333333333
14 0.60078125 0.4666666666666667 0.03125 0.041666666666666664
34 0.19453125 0.78125 0.0375 0.05
27 0.66953125 0.70625 0.025 0.03333333333333333
8 0.5421875 0.6739583333333333 0.0359375 0.04375
18 0.3296875 0.5458333333333333 0.025 0.03333333333333333
11 0.49609375 0.56875 0.053125 0.07291666666666667
12 0.5 0.646875 0.05625 0.07708333333333334
15 0.42421875 0.48125 0.025 0.03333333333333333
13 0.4546875 0.5729166666666666 0.034375 0.04791666666666667
28 0.53984375 0.6166666666666667 0.021875 0.029166666666666667
16 0.43125 0.5625 0.0203125 0.03125
32 0.60390625 0.9291666666666667 0.078125 0.11458333333333333
49 0.61875 0.5479166666666667 0.0234375 0.027083333333333334
49 0.51640625 0.596875 0.0265625 0.03125
25 0.6203125 0.5020833333333333 0.021875 0.03333333333333333