30 0.93984375 0.7989583333333333 0.0546875 0.06458333333333334
21 0.510203125 0.340625 0.04375 0.06041666666666667
49 0.91953125 0.9739583333333334 0.0578125 0.04791666666666667
22 0.98203125 0.38125 0.0328125 0.04583333333333333
3 0.28203125 0.540625 0.0453125 0.05625
19 0.02578125 0.4083333333333333 0.0515625 0.0625
7 0.50234375 0.7072916666666667 0.0390625 0.05625
4 0.47890625 0.43020833333333336 0.0421875 0.05625
27 0.8109375 0.765625 0.028125 0.035416666666666666
1 0.07421875 0.571875 0.0390625 0.04791666666666667
34 0.33046875 0.7427083333333333 0.0328125 0.04375
14 0.75234375 0.496875 0.0328125 0.04375
49 0.7296875 0.965625 0.08125 0.06458333333333334
2 0.3828125 0.5333333333333333 0.034375 0.04583333333333333
9 0.07109375 0.8333333333333334 0.0671875 0.08333333333333333
8 0.67265625 0.70625 0.0359375 0.04583333333333333
17 0.165625 0.5322916666666667 0.028125 0.035416666666666666
49 0.99140625 0.46145833333333336 0.0140625 0.03958333333333333
38 0.1265625 0.7947916666666667 0.03125 0.03958333333333333
11 0.63671875 0.5885416666666666 0.0546875 0.07291666666666667
15 0.5625 0.48854166666666665 0.021875 0.03125
50 0.7890625 0.5770833333333333 0.034375 0.041666666666666664
12 0.63515625 0.6697916666666667 0.0578125 0.07708333333333334
10 0.05 0.7145833333333333 0.071875 0.08333333333333333
13 0.5890625 0.5864583333333333 0.034375 0.04791666666666667
18 0.46640625 0.5416666666666666 0.0234375 0.029166666666666667
25 0.76953125 0.5385416666666667 0.0234375 0.03125
16 0.565625 0.5739583333333333 0.021875 0.03125
49 0.54609375 0.9927083333333333 0.0328125 0.010416666666666666
49 0.0078125 0.8458333333333333 0.015625 0.0375
28 0.671875 0.64375 0.021875 0.029166666666666667
49 0.1 0.9927083333333333 0.04375 0.010416666666666666
26 0.7625 0.5853541666666667 0.021875 0.027083333333333334
49 0.0546875 0.7625 0.0375 0.03333333333333333
49 0.65 0.621875 0.025 0.027083333333333334