3 0.97265625 0.359375 0.0515625 0.06875
43 0.18203125 0.26979166666666665 0.0359375 0.04791666666666667
45 0.4171875 0.27610416666666665 0.046875 0.0644375
44 0.2359375 0.38027083333333334 0.028125 0.035270833333333335
20 0.58515625 0.28541666666666665 0.0328125 0.04583333333333333
19 0.711765625 0.24952083333333333 0.042296875 0.05735416666666667
10 0.7375 0.521875 0.05625 0.07291666666666667
17 0.82578125 0.35520833333333335 0.0296875 0.035416666666666666
33 0.77421875 0.8083333333333333 0.0671875 0.0875
46 0.3734375 0.453125 0.03125 0.03958333333333333
48 0.4375 0.3260416666666667 0.025 0.035416666666666666
41 0.498859375 0.5459791666666667 0.025828125 0.03333333333333333
1 0.746875 0.3958333333333333 0.034375 0.041666666666666664
38 0.7859375 0.6020833333333333 0.028125 0.03333333333333333
42 0.4015625 0.5288125 0.026671875 0.03235416666666666
35 0.526984375 0.60375 0.025828125 0.03666666666666667
40 0.582859375 0.5595208333333334 0.025109375 0.029020833333333333
37 0.689171875 0.6166666666666667 0.020203125 0.029166666666666667
6 0.6265625 0.5135416666666667 0.025 0.03125
0 0.62109375 0.43847916666666664 0.0296875 0.041666666666666664
39 0.47348437499999996 0.6141041666666667 0.021984375 0.028187499999999997
5 0.555515625 0.4798541666666667 0.021875 0.0280625
47 0.61640625 0.3385416666666667 0.0203125 0.027083333333333334
36 0.72890625 0.5614583333333333 0.0265625 0.027083333333333334
9 0.752765625 0.6255624999999999 0.053859375 0.0655625