7 0.94140625 0.7208333333333333 0.0578125 0.06666666666666667
21 0.96015625 0.26979166666666665 0.0671875 0.07708333333333334
4 0.91328125 0.384375 0.0578125 0.06458333333333334
45 0.1671875 0.384375 0.05625 0.06875
3 0.67890625 0.509375 0.0421875 0.05625
19 0.47109375 0.39479166666666665 0.0359375 0.052083333333333336
20 0.3546875 0.41354166666666664 0.034375 0.04375
46 0.10625 0.5739583333333333 0.0375 0.04791666666666667
34 0.72421875 0.7197916666666667 0.0328125 0.04375
2 0.7859375 0.5041666666666667 0.040625 0.05
10 0.49109375 0.645 0.050937500000000004 0.06083333333333333
42 0.1403125 0.6594374999999999 0.030421874999999998 0.0375
18 0.8859375 0.5177083333333333 0.028125 0.035416666666666666
48 0.19609375 0.4395833333333333 0.0296875 0.0375
1 0.5046875 0.53125 0.028125 0.041666666666666664
41 0.25546875 0.6770833333333334 0.0296875 0.0375
17 0.571875 0.49895833333333334 0.025 0.03125
6 0.39375 0.6427083333333333 0.025 0.03125
40 0.34765625 0.6885416666666667 0.0265625 0.03125
0 0.38828125 0.5677083333333334 0.0296875 0.03958333333333333
38 0.54140625 0.7260416666666667 0.0234375 0.03125
35 0.28515625 0.7416666666666667 0.0265625 0.0375
39 0.221875 0.7572916666666667 0.025 0.035416666666666666
37 0.45395312499999996 0.7458333333333333 0.023546875000000002 0.029166666666666667
5 0.32109375 0.6052083333333333 0.0234375 0.03125
33 0.5203125 0.9322916666666666 0.059375 0.08958333333333333
9 0.5046875 0.75 0.05 0.06666666666666667
36 0.49140625 0.6895833333333333 0.0265625 0.025
47 0.38953125 0.4698541666666667 0.021140625 0.029166666666666667