43 0.2546875 0.29270833333333335 0.0375 0.04791666666666667
45 0.4875 0.325 0.0484375 0.06666666666666667
44 0.28984375 0.403125 0.0296875 0.03958333333333333
20 0.64375 0.3541666666666667 0.034375 0.04791666666666667
19 0.77578125 0.33541666666666664 0.04375 0.05625
46 0.41953125 0.490625 0.03125 0.041666666666666664
17 0.878125 0.45625 0.0328125 0.0375
1 0.7984375 0.48541666666666666 0.0375 0.04583333333333333
10 0.7921875 0.6104166666666667 0.059375 0.075
42 0.43828125 0.5677083333333334 0.025 0.035416666666666666
48 0.48984375 0.375 0.028125 0.0375
0 0.6671875 0.5114583333333333 0.0328125 0.04375
9 0.80078125 0.7197916666666667 0.0578125 0.07083333333333333
5 0.5921875 0.540625 0.025 0.03333333333333333
41 0.53359375 0.6010416666666667 0.0265625 0.0375
40 0.61484375 0.6229166666666667 0.025 0.03333333333333333
6 0.66328125 0.5864583333333333 0.0265625 0.035416666666666666
37 0.71796875 0.7010416666666667 0.0265625 0.03333333333333333
49 0.82578125 0.7020833333333333 0.0265625 0.0375
35 0.55703125 0.6645833333333333 0.0265625 0.0375
39 0.5 0.6645833333333333 0.021875 0.029166666666666667
47 0.6640625 0.4114583333333333 0.0203125 0.029166666666666667
36 0.76640625 0.646875 0.0296875 0.041666666666666664
33 0.82109375 0.9125 0.0734375 0.1