50 0.97265625 0.34270833333333334 0.0453125 0.05625
3 0.93671875 0.48020833333333335 0.059375 0.06666666666666667
43 0.16796875 0.371875 0.0390625 0.04791666666666667
44 0.2125 0.4791666666666667 0.03125 0.0375
10 0.7203125 0.6302083333333334 0.05625 0.07083333333333333
20 0.56484375 0.39791666666666664 0.0328125 0.04583333333333333
1 0.71796875 0.5083333333333333 0.034375 0.04375
19 0.6859375 0.3697916666666667 0.0390625 0.05416666666666667
45 0.40859375 0.384375 0.046875 0.0625
17 0.790625 0.471875 0.028125 0.035416666666666666
9 0.7359375 0.7364583333333333 0.0546875 0.07083333333333333
46 0.35234375 0.55625 0.03125 0.041666666666666664
0 0.5984375 0.5489583333333333 0.0296875 0.041666666666666664
42 0.375 0.63125 0.0265625 0.035416666666666666
40 0.5578125 0.6666666666666666 0.0265625 0.035416666666666666
37 0.6625 0.7270833333333333 0.0234375 0.03125
48 0.41796875 0.4322916666666667 0.028125 0.0375
6 0.60078125 0.6229166666666667 0.025 0.035416666666666666
49 0.76015625 0.7135416666666666 0.0265625 0.0375
35 0.50234375 0.7125 0.025 0.035416666666666666
39 0.4453125 0.725 0.0234375 0.03333333333333333
41 0.47421875 0.6520833333333333 0.0265625 0.0375
33 0.76640625 0.9239583333333333 0.0703125 0.09583333333333334
5 0.52890625 0.5854166666666667 0.0234375 0.03125
36 0.703125 0.6677083333333333 0.0296875 0.035416666666666666
47 0.58984375 0.4510416666666667 0.0203125 0.027083333333333334
34 0.984375 0.7197916666666667 0.03125 0.052083333333333336