3 0.115625 0.5395833333333333 0.053125 0.0625
21 0.3640625 0.325 0.046875 0.0625
29 0.74609375 0.90625 0.0453125 0.0625
7 0.365625 0.6958333333333333 0.040625 0.05416666666666667
30 0.7609375 0.7385416666666667 0.04375 0.05625
22 0.7953125 0.36875 0.03125 0.041666666666666664
24 0.81171875 0.43854166666666666 0.0328125 0.03958333333333333
4 0.334375 0.4166666666666667 0.04375 0.058333333333333334
49 0.41328125 0.98125 0.0546875 0.03333333333333333
2 0.23515625 0.525 0.0390625 0.05
50 0.67265625 0.534375 0.0328125 0.04375
14 0.60234375 0.47604166666666664 0.0296875 0.03958333333333333
34 0.18046875 0.7520833333333333 0.0359375 0.04583333333333333
27 0.65859375 0.721875 0.0234375 0.03125
8 0.5328125 0.6770833333333334 0.034375 0.041666666666666664
18 0.32734375 0.5302083333333333 0.0234375 0.03125
11 0.4921875 0.5677083333333334 0.05 0.06875
12 0.4921875 0.646875 0.053125 0.07291666666666667
15 0.42578125 0.4739583333333333 0.0234375 0.03125
13 0.45078125 0.56875 0.0328125 0.04583333333333333
28 0.53359375 0.6197916666666666 0.0203125 0.027083333333333334
16 0.428125 0.55625 0.01875 0.029166666666666667
32 0.58125 0.9375 0.071875 0.10833333333333334
49 0.615625 0.5583958333333333 0.021875 0.025145833333333333
49 0.5109375 0.5979166666666667 0.025 0.029166666666666667
25 0.61953125 0.5135416666666667 0.0203125 0.03125