3 0.103125 0.5416666666666666 0.0578125 0.06458333333333334
21 0.32109375 0.26875 0.0515625 0.06875
22 0.76875 0.221875 0.0328125 0.04375
24 0.7921875 0.2916666666666667 0.034375 0.041666666666666664
30 0.7671875 0.6 0.046875 0.058333333333333334
4 0.3046875 0.3697916666666667 0.0484375 0.0625
29 0.7671875 0.7625 0.0484375 0.06458333333333334
2 0.221875 0.5020833333333333 0.0421875 0.052083333333333336
14 0.5859375 0.375 0.0328125 0.04375
32 0.60546875 0.8260416666666667 0.075 0.10625
34 0.20390625 0.7354166666666667 0.0390625 0.04583333333333333
27 0.66796875 0.6052083333333333 0.025 0.035416666666666666
8 0.53828125 0.5895833333333333 0.034375 0.04583333333333333
15 0.409375 0.41041666666666665 0.025 0.03333333333333333
12 0.48984375 0.565625 0.0578125 0.075
18 0.31953125 0.48854166666666665 0.025 0.035416666666666666
25 0.609375 0.409375 0.0234375 0.03333333333333333
50 0.6625 0.4875 0.0328125 0.041666666666666664
11 0.48125 0.48854166666666665 0.0546875 0.07291666666666667
13 0.44296875 0.49895833333333334 0.034375 0.04791666666666667
28 0.53359375 0.53125 0.021875 0.029166666666666667
49 0.421875 0.49375 0.01875 0.03333333333333333
31 0.4546875 0.928125 0.0625 0.0875
26 0.60859375 0.45729166666666665 0.0234375 0.029166666666666667
23 0.509375 0.5135416666666667 0.025 0.035416666666666666
7 0.37421875 0.6416666666666667 0.0421875 0.05625