21 0.2078125 0.32083333333333336 0.0546875 0.06875
22 0.6546875 0.3145833333333333 0.0578125 0.07916666666666666
7 0.2515625 0.7145833333333333 0.046875 0.0625
30 0.6484375 0.6729166666666667 0.0421875 0.05416666666666667
29 0.6484375 0.8333333333333334 0.04375 0.0625
24 0.67578125 0.3802083333333333 0.03125 0.041666666666666664
1 0.1859375 0.425 0.0515625 0.06458333333333334
32 0.484375 0.9104166666666667 0.075 0.1125
14 0.48203125 0.44479166666666664 0.03125 0.04375
15 0.30390625 0.46979166666666666 0.0265625 0.035416666666666666
8 0.4296875 0.659375 0.034375 0.04791666666666667
12 0.37421875 0.6375 0.0578125 0.07708333333333334
27 0.559375 0.675 0.0234375 0.03125
30 0.05 0.8177083333333334 0.046875 0.05416666666666667
18 0.20078125 0.546875 0.028125 0.035416666666666666
25 0.50625 0.4791666666666667 0.0203125 0.029166666666666667
2 0.0859375 0.5604166666666667 0.0484375 0.05625
23 0.40390625 0.5802083333333333 0.0265625 0.0375
11 0.36875 0.55625 0.0546875 0.07291666666666667
49 0.3140625 0.5552083333333333 0.0203125 0.03125
50 0.5 0.5385416666666667 0.028125 0.0375
28 0.4296875 0.6010416666666667 0.0203125 0.029166666666666667
49 0.32734375 0.984375 0.0390625 0.014583333333333334
49 0.50625 0.5208333333333334 0.0171875 0.016666666666666666
13 0.33203125 0.5645833333333333 0.034375 0.05