21 0.20390625 0.25625 0.059375 0.07708333333333334
22 0.6578125 0.21770833333333334 0.0328125 0.04583333333333333
4 0.18984375 0.3645833333333333 0.0546875 0.06666666666666667
7 0.27265625 0.6479166666666667 0.046875 0.058333333333333334
2 0.0984375 0.509375 0.0484375 0.058333333333333334
24 0.68125 0.2864583333333333 0.03125 0.041666666666666664
14 0.48671875 0.36875 0.0328125 0.04375
29 0.6671875 0.7375 0.0453125 0.058333333333333334
30 0.66328125 0.58125 0.0421875 0.05416666666666667
34 0.08515625 0.7614583333333333 0.0453125 0.05
32 0.51484375 0.8145833333333333 0.0765625 0.10625
8 0.44453125 0.584375 0.0375 0.05
15 0.30703125 0.40625 0.0234375 0.035416666666666666
38 0.2109375 0.490625 0.0296875 0.03333333333333333
31 0.3640625 0.9364583333333333 0.0640625 0.09375
12 0.39296875 0.5645833333333333 0.0609375 0.08125
27 0.57109375 0.5916666666666667 0.025 0.035416666666666666
49 0.321875 0.49166666666666664 0.0203125 0.035416666666666666
50 0.55078125 0.50625 0.0296875 0.0375
25 0.51015625 0.403125 0.021875 0.029166666666666667
23 0.41328125 0.509375 0.025 0.0375
28 0.43984375 0.5270833333333333 0.021875 0.029166666666666667
26 0.5109375 0.44895833333333335 0.0203125 0.029166666666666667
11 0.38359375 0.484375 0.05625 0.07708333333333334
13 0.34375 0.496875 0.0359375 0.05416666666666667