3 0.97109375 0.34791666666666665 0.053125 0.07083333333333333
43 0.17890625 0.27708333333333335 0.0359375 0.04791666666666667
45 0.4140625 0.278125 0.0484375 0.06458333333333334
44 0.234375 0.38645833333333335 0.028125 0.035416666666666666
20 0.58203125 0.2833333333333333 0.0328125 0.04583333333333333
19 0.70859375 0.24479166666666666 0.04375 0.058333333333333334
10 0.7375 0.5166666666666667 0.0578125 0.075
17 0.82421875 0.34791666666666665 0.0296875 0.035416666666666666
33 0.778125 0.8020833333333334 0.06875 0.08958333333333333
46 0.37265625 0.45625 0.03125 0.03958333333333333
48 0.43515625 0.32708333333333334 0.025 0.035416666666666666
41 0.49921875 0.5458333333333333 0.0265625 0.03333333333333333
1 0.7453125 0.390625 0.034375 0.041666666666666664
38 0.7875 0.5958333333333333 0.028125 0.03333333333333333
42 0.40234375 0.53125 0.0265625 0.03333333333333333
35 0.528125 0.603125 0.0265625 0.0375
40 0.58359375 0.5572916666666666 0.025 0.029166666666666667
37 0.690625 0.6125 0.0203125 0.029166666666666667
6 0.6265625 0.5104166666666666 0.025 0.03125
0 0.6203125 0.4354166666666667 0.0296875 0.041666666666666664
39 0.475 0.6145833333333334 0.021875 0.029166666666666667
5 0.55546875 0.478125 0.021875 0.029166666666666667
47 0.6140625 0.33541666666666664 0.0203125 0.027083333333333334
36 0.7296875 0.55625 0.0265625 0.027083333333333334
9 0.7546875 0.6197916666666666 0.0546875 0.06666666666666667