7 0.93203125 0.7510416666666667 0.0609375 0.07083333333333333
21 0.96640625 0.30104166666666665 0.0671875 0.08125
4 0.9171875 0.41354166666666664 0.0609375 0.06875
45 0.171875 0.3614583333333333 0.059375 0.07291666666666667
3 0.678125 0.521875 0.04375 0.058333333333333334
19 0.475 0.3927083333333333 0.0375 0.05416666666666667
20 0.35859375 0.403125 0.0359375 0.04583333333333333
46 0.10390625 0.546875 0.0390625 0.05
34 0.715625 0.7354166666666667 0.034375 0.04583333333333333
2 0.78515625 0.5239583333333333 0.0421875 0.052083333333333336
10 0.48515625 0.64375 0.053125 0.06458333333333334
42 0.134375 0.634375 0.03125 0.03958333333333333
18 0.884375 0.5447916666666667 0.0296875 0.0375
48 0.19921875 0.41875 0.03125 0.03958333333333333
1 0.503125 0.53125 0.0296875 0.04375
41 0.24921875 0.659375 0.03125 0.03958333333333333
17 0.571875 0.5041666666666667 0.0265625 0.03333333333333333
6 0.38828125 0.6354166666666666 0.0265625 0.03333333333333333
40 0.340625 0.678125 0.028125 0.03333333333333333
0 0.3859375 0.559375 0.03125 0.041666666666666664
38 0.5328125 0.728125 0.025 0.03333333333333333
35 0.27578125 0.7260416666666667 0.028125 0.03958333333333333
39 0.2125 0.7375 0.0265625 0.0375
37 0.44453125 0.7427083333333333 0.025 0.03125
5 0.3171875 0.5927083333333333 0.025 0.03333333333333333
33 0.503125 0.9333333333333333 0.0625 0.09375
9 0.49453125 0.75 0.053125 0.07083333333333333
36 0.48359375 0.6885416666666667 0.028125 0.027083333333333334
47 0.390625 0.4625 0.021875 0.03125