4 0.0984375 0.365625 0.0625 0.075
7 0.17109375 0.6791666666666667 0.053125 0.06666666666666667
22 0.615625 0.27708333333333335 0.03125 0.041666666666666664
29 0.58671875 0.8135416666666667 0.04375 0.0625
21 0.11953125 0.25104166666666666 0.0640625 0.08125
30 0.59375 0.6479166666666667 0.04375 0.058333333333333334
32 0.4 0.9083333333333333 0.0828125 0.11875
12 0.29609375 0.6083333333333333 0.0671875 0.08958333333333333
24 0.63359375 0.34791666666666665 0.03125 0.03958333333333333
49 0.22890625 0.984375 0.0734375 0.03125
14 0.43125 0.4041666666666667 0.034375 0.04375
49 0.009375 0.5020833333333333 0.01875 0.05416666666666667
50 0.3421875 0.9802083333333333 0.059375 0.03958333333333333
27 0.5078125 0.6416666666666667 0.025 0.03333333333333333
15 0.24765625 0.41770833333333335 0.028125 0.0375
8 0.36953125 0.6239583333333333 0.0375 0.04791666666666667
18 0.1328125 0.4947916666666667 0.03125 0.0375
23 0.34765625 0.5385416666666667 0.028125 0.0375
49 0.259375 0.5239583333333333 0.0265625 0.05416666666666667
25 0.4609375 0.4395833333333333 0.0234375 0.03333333333333333
28 0.3796875 0.559375 0.0234375 0.03125
26 0.459375 0.4875 0.021875 0.03125
49 0.25625 0.503125 0.021875 0.025
11 0.29453125 0.5208333333333334 0.0625 0.08125