48 0.2984375 0.33229166666666665 0.028125 0.03958333333333333
1 0.5890625 0.44479166666666664 0.0296875 0.041666666666666664
45 0.27265625 0.275 0.0515625 0.06875
47 0.48046875 0.375 0.0203125 0.027083333333333334
39 0.31640625 0.63125 0.0234375 0.03125
20 0.446875 0.315625 0.034375 0.04583333333333333
35 0.371875 0.6229166666666667 0.0265625 0.035416666666666666
19 0.56171875 0.303125 0.0390625 0.05
46 0.21875 0.44895833333333335 0.034375 0.04375
0 0.47265625 0.46979166666666666 0.0296875 0.03958333333333333
41 0.34609375 0.5614583333333333 0.028125 0.035416666666666666
40 0.43125 0.58125 0.021875 0.03125
6 0.478125 0.54375 0.025 0.03333333333333333
42 0.2453125 0.5333333333333333 0.028125 0.0375
38 0.61640625 0.640625 0.021875 0.029166666666666667
17 0.66171875 0.41875 0.0234375 0.03125
3 0.76796875 0.4354166666666667 0.046875 0.06041666666666667
9 0.57265625 0.6520833333333333 0.0484375 0.06666666666666667
34 0.80390625 0.6552083333333333 0.0359375 0.04583333333333333
33 0.57578125 0.8166666666666667 0.0578125 0.08125
5 0.409375 0.5020833333333333 0.021875 0.029166666666666667
10 0.5640625 0.5520833333333334 0.0484375 0.06666666666666667
44 0.06484375 0.35104166666666664 0.0359375 0.041666666666666664
2 0.8890625 0.4395833333333333 0.0453125 0.05416666666666667
37 0.5296875 0.6479166666666667 0.0203125 0.027083333333333334
36 0.56796875 0.5947916666666667 0.025 0.03125
49 0.01953125 0.221875 0.0265625 0.05416666666666667
49 0.996875 0.46875 0.00625 0.03333333333333333