3 0.38984375 0.3645833333333333 0.0421875 0.058333333333333334
31 0.97734375 0.9177083333333333 0.0421875 0.07291666666666667
4 0.596875 0.28020833333333334 0.04375 0.058333333333333334
19 0.1546875 0.19270833333333334 0.046875 0.06458333333333334
2 0.484375 0.3729166666666667 0.0375 0.04583333333333333
10 0.1796875 0.4947916666666667 0.0625 0.07708333333333334
14 0.8765625 0.39791666666666664 0.040625 0.05
1 0.19140625 0.3625 0.0359375 0.04583333333333333
32 0.8125 0.884375 0.084375 0.11041666666666666
7 0.5890625 0.565625 0.0375 0.052083333333333336
31 0.61328125 0.8739583333333333 0.0578125 0.08125
0 0.02890625 0.390625 0.0453125 0.052083333333333336
17 0.26953125 0.33645833333333336 0.0265625 0.035416666666666666
13 0.6890625 0.4625 0.0359375 0.05
34 0.41328125 0.565625 0.0296875 0.03958333333333333
21 0.64375 0.1875 0.046875 0.06666666666666667
12 0.74375 0.5552083333333333 0.0625 0.07708333333333334
27 0.88671875 0.6822916666666666 0.0296875 0.035416666666666666
6 0.0375 0.48333333333333334 0.0359375 0.035416666666666666
25 0.878125 0.4427083333333333 0.028125 0.03125
18 0.5578125 0.39375 0.025 0.03333333333333333
47 0.025 0.26458333333333334 0.03125 0.0375
15 0.6625 0.35520833333333335 0.021875 0.03125
33 0.21328125 0.7875 0.0703125 0.0875
38 0.22578125 0.575 0.0265625 0.03333333333333333
37 0.11640625 0.6 0.0296875 0.03125
16 0.65390625 0.4427083333333333 0.0234375 0.03125
26 0.8625 0.49375 0.0265625 0.029166666666666667
8 0.75859375 0.6020833333333333 0.0359375 0.03333333333333333
49 0.17421875 0.5322916666666667 0.0296875 0.027083333333333334
49 0.7375 0.5072916666666667 0.025 0.027083333333333334
49 0.15625 0.5333333333333333 0.0125 0.029166666666666667
49 0.00234375 0.184375 0.0046875 0.035416666666666666
11 0.75390625 0.475 0.0578125 0.07291666666666667
9 0.19453125 0.6052083333333333 0.0578125 0.06875