3 0.084375 0.4427083333333333 0.059375 0.06875
21 0.328125 0.20625 0.053125 0.07291666666666667
22 0.78359375 0.23541666666666666 0.0359375 0.04583333333333333
24 0.7984375 0.309375 0.0328125 0.041666666666666664
4 0.3046875 0.30625 0.0484375 0.0625
30 0.7421875 0.609375 0.04375 0.05416666666666667
7 0.35 0.5875 0.040625 0.058333333333333334
29 0.7265625 0.7677083333333333 0.0484375 0.0625
2 0.21015625 0.425 0.0421875 0.05
14 0.58515625 0.35833333333333334 0.0328125 0.04375
32 0.5640625 0.80625 0.0734375 0.10208333333333333
50 0.646875 0.48854166666666665 0.03125 0.041666666666666664
15 0.4078125 0.3645833333333333 0.025 0.035416666666666666
8 0.51953125 0.565625 0.0328125 0.04375
34 0.1734375 0.6541666666666667 0.0375 0.05
18 0.3078125 0.4270833333333333 0.025 0.03333333333333333
31 0.40546875 0.88125 0.059375 0.0875
12 0.47265625 0.53125 0.0578125 0.075
25 0.6046875 0.396875 0.021875 0.03125
28 0.5203125 0.50625 0.0203125 0.03125
49 0.4125 0.4479166666666667 0.0203125 0.03333333333333333
27 0.64453125 0.6 0.0265625 0.035416666666666666
26 0.6015625 0.44375 0.021875 0.029166666666666667
49 0.496875 0.484375 0.025 0.0375
14 0.43203125 0.45729166666666665 0.034375 0.05
11 0.47109375 0.45416666666666666 0.0546875 0.075