21 0.80234375 0.12979166666666667 0.0578125 0.07375
4 0.7484375 0.23645833333333333 0.05 0.06458333333333334
49 0.96640625 0.9125 0.0640625 0.12916666666666668
20 0.17421875 0.1875 0.0421875 0.05416666666666667
7 0.7359375 0.5438124999999999 0.04375 0.05402083333333333
34 0.55390625 0.5385416666666667 0.0296875 0.03958333333333333
3 0.528125 0.33541666666666664 0.040625 0.058333333333333334
31 0.7515625 0.8697916666666666 0.065625 0.08541666666666667
11 0.9297968750000001 0.4451458333333333 0.071671875 0.08610416666666666
13 0.8546875 0.4333958333333333 0.04375 0.0543125
2 0.62578125 0.340625 0.0359375 0.04791666666666667
10 0.332859375 0.46089583333333334 0.056359375 0.067625
15 0.83046875 0.3177083333333333 0.0296875 0.035416666666666666
12 0.91484375 0.5375 0.0796875 0.0875
16 0.81875 0.4146458333333333 0.028125 0.0331875
33 0.3590625 0.7338958333333333 0.061875 0.07806249999999999
19 0.315265625 0.185 0.043015625 0.06166666666666667
18 0.707390625 0.36202083333333335 0.024171875000000002 0.03235416666666666
9 0.3453125 0.5646458333333333 0.05 0.06235416666666667
40 0.1703125 0.4991041666666666 0.029796875 0.035416666666666666
50 0.52265625 0.6291666666666667 0.0359375 0.05
8 0.93828125 0.5875 0.0484375 0.05
1 0.3484375 0.3416666666666667 0.03125 0.041666666666666664
0 0.215625 0.3719375 0.034375 0.043604166666666666
5 0.1359375 0.40797916666666667 0.028125 0.034312499999999996
39 0.020421875 0.5694374999999999 0.032921875 0.03639583333333333
17 0.420359375 0.3156875 0.025109375 0.035562500000000004
47 0.215625 0.2588958333333333 0.025 0.03222916666666667
35 0.097765625 0.5532708333333333 0.034484375 0.03958333333333333
37 0.289484375 0.5583958333333333 0.022703124999999998 0.029312500000000002
6 0.224640625 0.4522291666666666 0.027390625000000002 0.031104166666666665
41 0.05625 0.48125 0.034375 0.041666666666666664
38 0.38046875 0.540625 0.0234375 0.03125
49 0.91875 0.4875 0.034375 0.020833333333333332
36 0.3296875 0.503125 0.028125 0.027083333333333334
49 0.9453125 0.515625 0.021875 0.035416666666666666