3 0.9015625 0.5515625 0.059375 0.065625
43 0.05390625 0.20416666666666666 0.0484375 0.058333333333333334
44 0.08984375 0.3572916666666667 0.0390625 0.04375
20 0.518328125 0.37395833333333334 0.032109375 0.04791666666666667
34 0.8828125 0.7942708333333334 0.040625 0.04895833333333333
46 0.254859375 0.4877291666666667 0.034015625 0.04535416666666667
10 0.68515625 0.6572916666666667 0.0578125 0.07708333333333334
45 0.37321875000000004 0.29658333333333337 0.05354687500000001 0.07347916666666668
49 0.990625 0.571875 0.015625 0.052083333333333336
9 0.68359375 0.7729166666666667 0.0578125 0.075
42 0.26328125 0.5802083333333333 0.0265625 0.035416666666666666
19 0.658203125 0.37604166666666666 0.03984375 0.052083333333333336
48 0.34140625 0.37083333333333335 0.0296875 0.0375
41 0.371484375 0.6270833333333333 0.02734375 0.0375
0 0.52734375 0.5447916666666667 0.0296875 0.03958333333333333
49 0.71953125 0.96875 0.0734375 0.058333333333333334
39 0.32265625 0.696875 0.0234375 0.035416666666666666
1 0.654296875 0.5328125 0.03203125 0.042708333333333334
35 0.392578125 0.6984375 0.02734375 0.036458333333333336
40 0.455078125 0.6609375 0.02421875 0.03229166666666667
17 0.7125 0.5145833333333333 0.025 0.03333333333333333
2 0.505078125 0.6239583333333333 0.02421875 0.03125
5 0.434375 0.56875 0.021875 0.029166666666666667
37 0.55 0.74375 0.0234375 0.03125
36 0.6078125 0.690625 0.028125 0.035416666666666666
38 0.64921875 0.746875 0.0265625 0.035416666666666666
47 0.515359375 0.44466666666666665 0.018921874999999998 0.0273125
50 0.65390625 0.7791666666666667 0.0109375 0.025