21 0.29296875 0.1625 0.0515625 0.07083333333333333
3 0.03203125 0.403125 0.0609375 0.06875
4 0.26640625 0.2655625 0.0484375 0.0625
22 0.754328125 0.21514583333333331 0.033640625 0.042770833333333334
32 0.5234375 0.7854166666666667 0.06875 0.09583333333333334
2 0.1671875 0.38645833333333335 0.04375 0.052083333333333336
30 0.70390625 0.5885416666666666 0.0390625 0.052083333333333336
34 0.127390625 0.6210416666666667 0.0375 0.04597916666666667
24 0.76765625 0.29172916666666665 0.0303125 0.03735416666666667
29 0.6855781249999999 0.7427708333333333 0.043015625 0.058333333333333334
7 0.31328125 0.5582708333333334 0.0421875 0.05625
27 0.609796875 0.575625 0.022703124999999998 0.030145833333333334
15 0.37421875 0.32916666666666666 0.0234375 0.03333333333333333
18 0.272296875 0.3902083333333334 0.025828125 0.034583333333333334
31 0.36328125 0.85625 0.0578125 0.08333333333333333
12 0.4375 0.5083333333333333 0.05625 0.075
50 0.3203125 0.6 0.034375 0.041666666666666664
8 0.484375 0.5364583333333334 0.03125 0.04375
25 0.575 0.3697916666666667 0.021875 0.03125
13 0.3984375 0.428125 0.03125 0.04791666666666667
49 0.3796875 0.4166666666666667 0.021875 0.029166666666666667
26 0.570359375 0.4177708333333333 0.0203125 0.029166666666666667
14 0.5562968749999999 0.33027083333333335 0.0328125 0.041666666666666664
28 0.48828125 0.478125 0.0203125 0.027083333333333334
23 0.46484375 0.45416666666666666 0.0234375 0.03333333333333333
11 0.4375 0.4270833333333333 0.053125 0.07083333333333333