21 0.08046875 0.3645833333333333 0.0609375 0.06666666666666667
4 0.06875 0.47604166666666664 0.05625 0.06458333333333334
50 0.11171875 0.9625 0.0578125 0.07083333333333333
7 0.17421875 0.7604166666666666 0.0484375 0.058333333333333334
22 0.5421875 0.28854166666666664 0.028125 0.03958333333333333
30 0.56796875 0.63125 0.0359375 0.05
29 0.58125 0.7833333333333333 0.040625 0.05416666666666667
32 0.42734375 0.8885416666666667 0.0703125 0.10208333333333333
24 0.56796875 0.3489583333333333 0.0265625 0.035416666666666666
8 0.35546875 0.6645833333333333 0.0328125 0.04583333333333333
14 0.38515625 0.4427083333333333 0.0296875 0.03958333333333333
27 0.487890625 0.6541666666666667 0.02265625 0.03333333333333333
15 0.20546875 0.5 0.0265625 0.03333333333333333
11 0.2796875 0.575 0.05625 0.07083333333333333
18 0.10078125 0.6010416666666667 0.0296875 0.035416666666666666
25 0.41640625 0.4739583333333333 0.0203125 0.027083333333333334
23 0.321875 0.5927083333333333 0.025 0.035416666666666666
49 0.24375 0.590625 0.034375 0.04791666666666667
28 0.35234375 0.60625 0.0203125 0.029166666666666667
49 0.22421875 0.5854166666666667 0.0171875 0.03333333333333333
12 0.29375 0.653125 0.059375 0.07708333333333334
26 0.42109375 0.5197916666666667 0.0203125 0.027083333333333334