44 0.2484375 0.31666666666666665 0.03125 0.041666666666666664
20 0.60078125 0.17291666666666666 0.0375 0.05416666666666667
45 0.43046875 0.18229166666666666 0.0546875 0.07916666666666666
46 0.39375 0.375 0.034375 0.04583333333333333
19 0.734375 0.115625 0.05 0.06875
17 0.8546875 0.21875 0.0328125 0.041666666666666664
50 0.55390625 0.5145833333333333 0.025 0.03125
41 0.52421875 0.4552083333333333 0.03125 0.03958333333333333
42 0.4265625 0.4479166666666667 0.0265625 0.035416666666666666
43 0.1875 0.209375 0.0421875 0.05625
10 0.7765625 0.39791666666666664 0.0640625 0.07916666666666666
0 0.64375 0.33125 0.034375 0.04583333333333333
39 0.5015625 0.5270833333333333 0.0265625 0.035416666666666666
33 0.82734375 0.6791666666666667 0.075 0.09791666666666667
1 0.7734375 0.26979166666666665 0.0375 0.05
5 0.57578125 0.3802083333333333 0.025 0.03125
40 0.609375 0.4583333333333333 0.0265625 0.0375
37 0.71796875 0.50625 0.0265625 0.03333333333333333
49 0.8203125 0.478125 0.028125 0.035416666666666666
47 0.634375 0.22916666666666666 0.0265625 0.03333333333333333
6 0.65234375 0.41041666666666665 0.028125 0.0375
36 0.75859375 0.4395833333333333 0.03125 0.03958333333333333
48 0.4484375 0.23541666666666666 0.0296875 0.041666666666666664
9 0.79453125 0.5041666666666667 0.059375 0.075