3 0.2265625 0.665625 0.046875 0.06041666666666667
21 0.4453125 0.43125 0.04375 0.058333333333333334
34 0.89453125 0.8125 0.0515625 0.0625
4 0.421875 0.5239583333333333 0.040625 0.05625
24 0.9109375 0.4822916666666667 0.034375 0.03958333333333333
49 0.89609375 0.9833333333333333 0.0515625 0.029166666666666667
22 0.884375 0.4125 0.034375 0.041666666666666664
7 0.4671875 0.8 0.040625 0.058333333333333334
17 0.09609375 0.675 0.0328125 0.0375
27 0.77109375 0.803125 0.0265625 0.035416666666666666
14 0.6890625 0.5489583333333333 0.03125 0.04375
49 0.0109375 0.734375 0.021875 0.052083333333333336
8 0.634375 0.7677083333333333 0.034375 0.04791666666666667
11 0.590625 0.65625 0.053125 0.07083333333333333
2 0.33203125 0.640625 0.0359375 0.04791666666666667
15 0.5078125 0.5677083333333334 0.021875 0.03125
34 0.2890625 0.8708333333333333 0.034375 0.04583333333333333
13 0.54375 0.6614583333333334 0.034375 0.04791666666666667
25 0.709375 0.584375 0.021875 0.03125
38 0.06328125 0.971875 0.0359375 0.04375
12 0.596875 0.7375 0.05625 0.07916666666666666
18 0.41484375 0.6354166666666666 0.0234375 0.03333333333333333
26 0.70703125 0.6333333333333333 0.0203125 0.029166666666666667
16 0.5171875 0.6520833333333333 0.021875 0.03333333333333333
49 0.0109375 0.8916666666666667 0.021875 0.07916666666666666
50 0.0171875 0.9645833333333333 0.034375 0.0375
49 0.62734375 0.7041666666666667 0.0203125 0.029166666666666667
49 0.021875 0.9875 0.04375 0.020833333333333332
49 0.71640625 0.99375 0.0421875 0.008333333333333333
49 0.6046875 0.6875 0.025 0.029166666666666667