3 0.3 0.5427083333333333 0.04375 0.05625
22 0.97890625 0.25729166666666664 0.0390625 0.04791666666666667
30 0.96640625 0.6770833333333334 0.0546875 0.0625
21 0.5 0.30520833333333336 0.04375 0.06041666666666667
7 0.53046875 0.665625 0.0390625 0.052083333333333336
4 0.4796875 0.4 0.040625 0.058333333333333334
9 0.1328125 0.85625 0.0625 0.07916666666666666
34 0.3671875 0.7291666666666666 0.03125 0.041666666666666664
49 0.99140625 0.33541666666666664 0.0140625 0.041666666666666664
1 0.10234375 0.6104166666666667 0.0390625 0.04583333333333333
2 0.396875 0.5166666666666667 0.034375 0.04583333333333333
50 0.24609375 0.5885416666666666 0.0390625 0.04791666666666667
31 0.60390625 0.9604166666666667 0.0609375 0.075
19 0.03671875 0.459375 0.0546875 0.06041666666666667
14 0.75625 0.41458333333333336 0.034375 0.041666666666666664
27 0.8375 0.6697916666666667 0.028125 0.035416666666666666
32 0.77734375 0.8927083333333333 0.0796875 0.11041666666666666
29 0.9609375 0.8614583333333333 0.059375 0.06875
37 0.06015625 0.8832708333333333 0.0296875 0.03958333333333333
38 0.17578125 0.8145833333333333 0.0296875 0.0375
8 0.69609375 0.6354166666666666 0.0359375 0.04583333333333333
15 0.56796875 0.4427083333333333 0.0234375 0.03125
11 0.65 0.5260416666666666 0.053125 0.06875
26 0.77421875 0.5020833333333333 0.0234375 0.029166666666666667
13 0.60390625 0.5333333333333333 0.0359375 0.04583333333333333
49 0.184375 0.5541666666666667 0.028125 0.03333333333333333
18 0.47734375 0.5114583333333333 0.0234375 0.03125
16 0.57734375 0.525 0.0203125 0.029166666666666667
28 0.6890625 0.575 0.021875 0.029166666666666667
49 0.66484375 0.5572916666666666 0.0265625 0.027083333333333334
36 0.1046875 0.7958333333333333 0.034375 0.03333333333333333
10 0.09921875 0.7479166666666667 0.0671875 0.07916666666666666
49 0.1859375 0.9947916666666666 0.028125 0.00625
25 0.7765625 0.453125 0.025 0.03125
12 0.65703125 0.6041666666666666 0.0578125 0.075