21 0.42109375 0.43645833333333334 0.0453125 0.06041666666666667
30 0.86171875 0.8114583333333333 0.0484375 0.06041666666666667
3 0.19765625 0.6729166666666667 0.0484375 0.0625
7 0.4421875 0.8052083333333333 0.040625 0.05625
4 0.396875 0.528125 0.040625 0.05625
49 0.86484375 0.98125 0.0515625 0.03333333333333333
22 0.853125 0.41770833333333335 0.034375 0.03958333333333333
24 0.87890625 0.4875 0.0359375 0.041666666666666664
17 0.0625 0.6833333333333333 0.03125 0.0375
27 0.74375 0.803125 0.025 0.035416666666666666
2 0.3046875 0.6458333333333334 0.0375 0.05
34 0.2609375 0.8802083333333334 0.034375 0.04791666666666667
49 0.0265625 0.9822916666666667 0.0375 0.03125
14 0.66328125 0.5520833333333334 0.0296875 0.041666666666666664
15 0.484375 0.571875 0.021875 0.03125
11 0.56484375 0.6604166666666667 0.0515625 0.07083333333333333
18 0.38984375 0.640625 0.0234375 0.03125
13 0.51875 0.665625 0.034375 0.04791666666666667
8 0.609375 0.7697916666666667 0.034375 0.04791666666666667
16 0.4921875 0.6552083333333333 0.021875 0.03125
26 0.68125 0.6375 0.021875 0.029166666666666667
49 0.60234375 0.7072916666666667 0.0203125 0.027083333333333334
49 0.68984375 0.99375 0.0390625 0.008333333333333333
25 0.6828125 0.5895833333333333 0.021875 0.029166666666666667
49 0.5796875 0.690625 0.021875 0.027083333333333334
12 0.571875 0.7416666666666667 0.05625 0.07916666666666666