3 0.1015625 0.5041666666666667 0.0546875 0.06041666666666667
21 0.333984375 0.253125 0.04765625 0.06458333333333334
22 0.782734375 0.24735416666666668 0.031203124999999998 0.040562499999999994
24 0.802734375 0.31979166666666664 0.03203125 0.03958333333333333
30 0.7609375 0.625 0.04375 0.05416666666666667
4 0.31171875 0.35208333333333336 0.0453125 0.058333333333333334
29 0.752734375 0.7869791666666667 0.04609375 0.06145833333333333
2 0.22265625 0.47604166666666664 0.0390625 0.04791666666666667
14 0.5921875 0.38333333333333336 0.03125 0.041666666666666664
32 0.58828125 0.8354166666666667 0.0703125 0.1
34 0.1921875 0.7067708333333333 0.0375 0.042708333333333334
27 0.66171875 0.6208333333333333 0.0234375 0.03333333333333333
8 0.53359375 0.5927083333333333 0.0328125 0.04375
15 0.41448437499999996 0.40222916666666664 0.022703124999999998 0.031104166666666665
12 0.48671875 0.5645833333333333 0.0546875 0.07083333333333333
18 0.3203125 0.4713541666666667 0.0234375 0.03229166666666667
25 0.6140625 0.4197916666666667 0.021875 0.03125
50 0.6625 0.503125 0.03125 0.03958333333333333
11 0.48203125 0.4864583333333333 0.0515625 0.06875
13 0.44296875 0.49375 0.0328125 0.04583333333333333
28 0.53203125 0.534375 0.0203125 0.027083333333333334
49 0.42265625 0.4864583333333333 0.0171875 0.03125
31 0.43203125 0.9229166666666667 0.0578125 0.08333333333333333
26 0.6109375 0.46777083333333336 0.021875 0.0269375
23 0.50859375 0.5145833333333333 0.0234375 0.03333333333333333
7 0.366796875 0.6296875 0.03984375 0.053125