43 0.14921875 0.3958333333333333 0.0421875 0.052083333333333336
3 0.91640625 0.46979166666666666 0.059375 0.06666666666666667
50 0.9515625 0.33229166666666665 0.05 0.058333333333333334
45 0.3921875 0.39791666666666664 0.0484375 0.06458333333333334
44 0.196875 0.503125 0.03125 0.03958333333333333
34 0.9765625 0.703125 0.046875 0.052083333333333336
10 0.7078125 0.6291666666666667 0.0546875 0.075
1 0.70390625 0.5083333333333333 0.0328125 0.04375
19 0.66796875 0.371875 0.0421875 0.05416666666666667
46 0.33984375 0.5729166666666666 0.03125 0.04375
17 0.7734375 0.46979166666666666 0.028125 0.0375
42 0.365625 0.646875 0.028125 0.0375
9 0.72734375 0.7322916666666667 0.0546875 0.07291666666666667
48 0.40234375 0.44583333333333336 0.028125 0.0375
40 0.5484375 0.6729166666666667 0.0265625 0.035416666666666666
0 0.5859375 0.553125 0.0328125 0.041666666666666664
37 0.6546875 0.7291666666666666 0.0234375 0.03333333333333333
41 0.4640625 0.6635416666666667 0.028125 0.0375
6 0.590625 0.6260416666666667 0.025 0.03333333333333333
35 0.49453125 0.721875 0.0265625 0.035416666666666666
49 0.7515625 0.709375 0.025 0.03333333333333333
39 0.4375 0.7364583333333333 0.0234375 0.03333333333333333
49 0.51796875 0.59375 0.021875 0.03333333333333333
20 0.5484375 0.4041666666666667 0.0328125 0.04583333333333333
49 0.69375 0.6677083333333333 0.0296875 0.03958333333333333
47 0.575 0.45625 0.021875 0.029166666666666667
33 0.7625 0.921875 0.071875 0.1