21 0.23671875 0.353125 0.0546875 0.07083333333333333
4 0.209375 0.4510416666666667 0.0515625 0.06458333333333334
7 0.25625 0.740625 0.0484375 0.06458333333333334
29 0.6453125 0.8895833333333333 0.0484375 0.06666666666666667
50 0.0453125 0.9135416666666667 0.0625 0.07291666666666667
30 0.65078125 0.7260416666666667 0.0421875 0.05625
32 0.4859375 0.9458333333333333 0.078125 0.10833333333333334
42 0.665625 0.375 0.03125 0.041666666666666664
44 0.6828125 0.43854166666666666 0.0296875 0.03958333333333333
34 0.046875 0.83125 0.046875 0.05625
2 0.1015625 0.5770833333333333 0.046875 0.05416666666666667
14 0.4921875 0.490625 0.0328125 0.04583333333333333
27 0.5578125 0.725 0.025 0.03333333333333333
8 0.43203125 0.6989583333333333 0.0375 0.05
25 0.51171875 0.5260416666666666 0.021875 0.03125
12 0.3859375 0.6708333333333333 0.059375 0.08125
18 0.209375 0.5708333333333333 0.0265625 0.035416666666666666
15 0.3140625 0.5020833333333333 0.025 0.03333333333333333
11 0.384375 0.5916666666666667 0.0578125 0.075
13 0.3421875 0.5979166666666667 0.0359375 0.052083333333333336
16 0.3203125 0.5885416666666666 0.0234375 0.03333333333333333
26 0.509375 0.5708333333333333 0.0203125 0.029166666666666667
49 0.40859375 0.61875 0.025 0.035416666666666666
28 0.43125 0.6395833333333333 0.0203125 0.029166666666666667