50 0.9765625 0.3645833333333333 0.04375 0.05416666666666667
3 0.93671875 0.5010416666666667 0.0578125 0.06458333333333334
43 0.171875 0.35625 0.0375 0.04583333333333333
44 0.21328125 0.465625 0.0296875 0.035416666666666666
10 0.71640625 0.640625 0.0546875 0.06875
20 0.5671875 0.4010416666666667 0.03125 0.04375
1 0.71796875 0.51875 0.0328125 0.041666666666666664
19 0.6890625 0.378125 0.0375 0.052083333333333336
45 0.41171875 0.3802083333333333 0.0453125 0.06041666666666667
17 0.79140625 0.48541666666666666 0.0265625 0.03333333333333333
9 0.7296875 0.746875 0.053125 0.06875
46 0.35078125 0.5489583333333333 0.0296875 0.03958333333333333
0 0.596875 0.553125 0.028125 0.03958333333333333
42 0.371875 0.625 0.025 0.03333333333333333
40 0.553125 0.66875 0.025 0.03333333333333333
37 0.65625 0.734375 0.021875 0.03125
48 0.41953125 0.428125 0.0265625 0.035416666666666666
6 0.59765625 0.6270833333333333 0.0234375 0.03333333333333333
49 0.7546875 0.7260416666666667 0.025 0.035416666666666666
35 0.49671875 0.7125 0.0246875 0.03333333333333333
39 0.43921875000000005 0.7225 0.0221875 0.0325
41 0.4703125 0.6510416666666666 0.025 0.035416666666666666
33 0.75546875 0.9364583333333333 0.0671875 0.09375
5 0.5265625 0.5864583333333333 0.021875 0.03125
36 0.6984375 0.6770833333333334 0.028125 0.03333333333333333
47 0.59140625 0.4552083333333333 0.0203125 0.027083333333333334
34 0.980859375 0.7421875 0.03515625 0.051041666666666666