43 0.415625 0.559375 0.0359375 0.04791666666666667
49 0.99296875 0.59375 0.0140625 0.0625
44 0.43984375 0.671875 0.028125 0.041666666666666664
46 0.578125 0.771875 0.0359375 0.04791666666666667
20 0.83359375 0.6177083333333333 0.04375 0.05625
6 0.86640625 0.90625 0.0328125 0.04791666666666667
43 0.67578125 0.5833333333333334 0.05625 0.075
50 0.53828125 0.765625 0.0296875 0.03958333333333333
0 0.87890625 0.8072916666666666 0.0453125 0.058333333333333334
5 0.76796875 0.8385416666666666 0.0296875 0.03958333333333333
48 0.6453125 0.64375 0.0296875 0.03958333333333333
41 0.70703125 0.9104166666666667 0.034375 0.05
40 0.81015625 0.946875 0.0328125 0.0375
42 0.590625 0.8635416666666667 0.0328125 0.04583333333333333
47 0.84140625 0.6864583333333333 0.0265625 0.035416666666666666
49 0.66171875 0.9770833333333333 0.01875 0.010416666666666666