12 0.5484375 0.6760416666666667 0.053125 0.07291666666666667
22 0.8328125 0.440625 0.03125 0.03958333333333333
18 0.353234375 0.5433125000000001 0.02521875 0.0324375
24 0.84453125 0.5125 0.0328125 0.0375
16 0.4515625 0.5833333333333334 0.021875 0.029166666666666667
14 0.63671875 0.5229166666666667 0.0296875 0.0375
21 0.43203125 0.34479166666666666 0.0453125 0.06041666666666667
25 0.640625 0.5635416666666667 0.021875 0.027083333333333334
26 0.63125 0.6083333333333333 0.01875 0.025
30 0.790625 0.8037291666666667 0.04375 0.0550625
13 0.4875 0.5958333333333333 0.034375 0.04583333333333333
4 0.393078125 0.4324375 0.04240625 0.05654166666666667
3 0.17421875 0.5260416666666666 0.0484375 0.06041666666666667
15 0.4546875 0.5001458333333333 0.021875 0.028874999999999998
7 0.4 0.7125 0.040625 0.05416666666666667
27 0.6703125 0.7770833333333333 0.025 0.03333333333333333
29 0.7703125 0.9677083333333333 0.05 0.06041666666666667
2 0.2796875 0.5260416666666666 0.0375 0.04791666666666667
34 0.20201562499999998 0.7488125 0.038390625 0.04702083333333333
49 0.6359375 0.9614583333333333 0.075 0.07291666666666667
8 0.5578125 0.7208333333333333 0.03125 0.0375
17 0.01484375 0.5041666666666667 0.0296875 0.0375
50 0.1984375 0.971875 0.040625 0.052083333333333336
23 0.53203125 0.6322916666666667 0.0203125 0.03125
49 0.44921875 0.9927083333333333 0.0328125 0.010416666666666666
11 0.5484375 0.5989583333333334 0.05 0.06875