4 0.10625 0.328125 0.059375 0.06875
7 0.1625 0.6479166666666667 0.05 0.0625
22 0.62734375 0.28854166666666664 0.0296875 0.03958333333333333
29 0.569953125 0.8208958333333333 0.041359375 0.058187499999999996
21 0.13359375 0.21666666666666667 0.0609375 0.075
30 0.5859375 0.65625 0.040625 0.05416666666666667
32 0.378953125 0.8984791666666666 0.076453125 0.11139583333333333
12 0.290625 0.5895833333333333 0.0625 0.08333333333333333
24 0.64140625 0.36041666666666666 0.0296875 0.0375
49 0.20390625 0.971875 0.0703125 0.052083333333333336
14 0.43671875 0.39791666666666664 0.0328125 0.041666666666666664
49 0.009375 0.4561875 0.01875 0.052083333333333336
50 0.3171875 0.9729166666666667 0.05625 0.05
27 0.50078125 0.6416666666666667 0.0234375 0.031104166666666665
15 0.25234375 0.39479166666666665 0.0265625 0.035416666666666666
8 0.36328125 0.6114583333333333 0.0359375 0.04375
18 0.134328125 0.46047916666666666 0.0296875 0.035416666666666666
23 0.34609375 0.5239583333333333 0.0265625 0.035416666666666666
49 0.25859375 0.5010416666666667 0.0234375 0.052083333333333336
25 0.4640625 0.43645833333333334 0.021875 0.03125
28 0.3765625 0.5479166666666667 0.021875 0.029166666666666667
26 0.46015625 0.48333333333333334 0.0203125 0.029166666666666667
49 0.25703125 0.48020833333333335 0.0203125 0.022916666666666665
11 0.29375 0.5020833333333333 0.059375 0.075