3 0.871875 0.49583333333333335 0.0578125 0.06875
43 0.05546875 0.284375 0.0484375 0.05625
49 0.984375 0.49895833333333334 0.03125 0.06041666666666667
34 0.89453125 0.7354166666666667 0.04375 0.04791666666666667
45 0.3359375 0.32916666666666666 0.0546875 0.07291666666666667
19 0.63046875 0.35625 0.0421875 0.06041666666666667
34 0.10546875 0.4166666666666667 0.0375 0.04791666666666667
46 0.26171875 0.5166666666666667 0.034375 0.04583333333333333
20 0.50234375 0.3729166666666667 0.0359375 0.04791666666666667
9 0.66484375 0.7385416666666667 0.05625 0.075
0 0.52578125 0.534375 0.03125 0.04583333333333333
42 0.284375 0.6 0.0296875 0.0375
10 0.6546875 0.6302083333333334 0.0578125 0.075
17 0.71796875 0.47708333333333336 0.028125 0.0375
48 0.3421875 0.39375 0.028125 0.03958333333333333
1 0.65 0.5052083333333334 0.0328125 0.04375
40 0.47578125 0.6520833333333333 0.025 0.03125
37 0.5765625 0.721875 0.021875 0.03125
35 0.415625 0.696875 0.028125 0.035416666666666666
39 0.390625 0.6322916666666667 0.0296875 0.03958333333333333
39 0.35546875 0.703125 0.0234375 0.03333333333333333
36 0.62265625 0.6635416666666667 0.0296875 0.035416666666666666
5 0.45 0.5666666666666667 0.025 0.029166666666666667
47 0.52109375 0.4354166666666667 0.025 0.03125
43 0.690625 0.94375 0.0765625 0.10625
49 0.67578125 0.70625 0.0234375 0.022916666666666665
49 0.52578125 0.6083333333333333 0.0203125 0.029166666666666667
50 0.51015625 0.609375 0.01875 0.027083333333333334