26 0.73046875 0.6104166666666667 0.0203125 0.029166666666666667
14 0.78515625 0.540625 0.0328125 0.04375
4 0.6015625 0.30520833333333336 0.04375 0.06041666666666667
11 0.703125 0.565625 0.05625 0.07291666666666667
1 0.14765625 0.13854166666666667 0.0421875 0.05625
28 0.63359375 0.6010416666666667 0.0203125 0.027083333333333334
13 0.6203125 0.5145833333333333 0.034375 0.04583333333333333
7 0.5097968749999999 0.5677708333333332 0.039796874999999995 0.0519375
16 0.57421875 0.475 0.0234375 0.029166666666666667
8 0.6390156250000001 0.6661874999999999 0.031140624999999998 0.042645833333333334
30 0.84296875 0.9041666666666667 0.0484375 0.0625
3 0.37890625 0.26875 0.0453125 0.0625
25 0.75859375 0.5760416666666667 0.0234375 0.03125
18 0.49921875 0.3813958333333333 0.0234375 0.028874999999999998
15 0.60546875 0.4 0.0234375 0.03333333333333333
34 0.3234375 0.47708333333333336 0.03125 0.041666666666666664
27 0.709734375 0.7854166666666667 0.024265625 0.031104166666666665
2 0.455046875 0.3266041666666667 0.036765625 0.0468125
17 0.23046875 0.15833333333333333 0.0296875 0.041666666666666664
31 0.4765625 0.8791666666666667 0.059375 0.08333333333333333
21 0.67578125 0.24375 0.0484375 0.06666666666666667
10 0.13089062499999998 0.28172916666666664 0.0728125 0.08847916666666666
33 0.09140625 0.621875 0.0859375 0.10208333333333333
9 0.1078125 0.4041666666666667 0.06875 0.08333333333333333
23 0.6359375 0.5697916666666667 0.025 0.035416666666666666
36 0.05859375 0.3016666666666667 0.040734375 0.04472916666666667
50 0.22421875 0.6416666666666667 0.0328125 0.041666666666666664
49 0.99140625 0.6708958333333332 0.0140625 0.03958333333333333
49 0.67734375 0.9552083333333333 0.0734375 0.08125
12 0.678125 0.6385416666666667 0.059375 0.08125