3 0.38984375 0.3645833333333333 0.0421875 0.058333333333333334
31 0.976984375 0.9177708333333333 0.042921875 0.07277083333333333
4 0.596875 0.2801458333333333 0.04375 0.058333333333333334
19 0.1546875 0.19270833333333334 0.046875 0.06458333333333334
2 0.48401562499999995 0.37306249999999996 0.036765625 0.04583333333333333
10 0.1796875 0.4947916666666667 0.0625 0.07708333333333334
14 0.876203125 0.3975 0.039890625 0.04916666666666667
1 0.19140625 0.3625 0.0359375 0.04583333333333333
32 0.8125 0.884375 0.084375 0.11041666666666666
7 0.5890625 0.565625 0.0375 0.052083333333333336
31 0.61328125 0.8739583333333333 0.0578125 0.08125
0 0.02890625 0.390625 0.0453125 0.052083333333333336
17 0.26953125 0.33645833333333336 0.0265625 0.035416666666666666
13 0.68875 0.4625625 0.036671875 0.050145833333333334
34 0.41328125 0.565625 0.0296875 0.03958333333333333
21 0.6437968749999999 0.18764583333333332 0.046765625 0.06666666666666667
12 0.74375 0.5552083333333333 0.0625 0.07708333333333334
27 0.886671875 0.6818124999999999 0.029796875 0.0344375
6 0.0371875 0.4829166666666667 0.035203125 0.03639583333333333
25 0.878125 0.4427083333333333 0.028125 0.03125
18 0.557453125 0.3938125 0.024265625 0.033479166666666664
47 0.025 0.26458333333333334 0.03125 0.0375
15 0.6625 0.35520833333333335 0.021875 0.03125
33 0.21328125 0.7875 0.0703125 0.0875
38 0.22578125 0.575 0.0265625 0.03333333333333333
37 0.116046875 0.5995833333333334 0.028953125000000003 0.03222916666666667
16 0.65390625 0.4427083333333333 0.0234375 0.03125
26 0.8621874999999999 0.4938958333333333 0.025828125 0.029166666666666667
8 0.758234375 0.6022916666666667 0.036671875 0.03291666666666667
49 0.17453125 0.5327083333333333 0.0290625 0.027916666666666666
49 0.7375 0.5072916666666667 0.025 0.027083333333333334
49 0.15625 0.5333333333333333 0.0125 0.029166666666666667
49 0.00234375 0.184375 0.0046875 0.035416666666666666
11 0.753953125 0.475 0.057703125 0.07277083333333333
9 0.19453125 0.6047291666666667 0.0578125 0.06972916666666666