21 0.203125 0.3343125 0.053125 0.06666666666666667
22 0.65 0.3072916666666667 0.05625 0.07708333333333334
7 0.25703125 0.7260416666666667 0.0453125 0.06041666666666667
30 0.653125 0.665625 0.040625 0.052083333333333336
29 0.65703125 0.8260416666666667 0.0421875 0.06041666666666667
24 0.67265625 0.371875 0.0296875 0.03958333333333333
1 0.184375 0.4395833333333333 0.05 0.0625
32 0.4953125 0.9104166666666667 0.071875 0.10833333333333334
14 0.48046875 0.44583333333333336 0.0296875 0.041666666666666664
15 0.303125 0.4791666666666667 0.025 0.03333333333333333
8 0.43359375 0.6625 0.0328125 0.04583333333333333
12 0.378125 0.64375 0.05625 0.075
27 0.5640625 0.671875 0.021875 0.03125
30 0.05859375 0.8385416666666666 0.0453125 0.052083333333333336
18 0.20234375 0.5604166666666667 0.0265625 0.03333333333333333
25 0.50546875 0.4791666666666667 0.0203125 0.029166666666666667
2 0.0875 0.5791666666666667 0.046875 0.05416666666666667
23 0.40625 0.584375 0.025 0.035416666666666666
11 0.3703125 0.5625 0.053125 0.07083333333333333
49 0.315625 0.5635416666666667 0.01875 0.03125
50 0.50078125 0.5385416666666667 0.0265625 0.035416666666666666
28 0.43203125 0.6041666666666666 0.0203125 0.029166666666666667
49 0.33984375 0.9916666666666667 0.0390625 0.0125
49 0.50703125 0.5208333333333334 0.0171875 0.016666666666666666
13 0.33359375 0.571875 0.0328125 0.04791666666666667