21 0.41640625 0.4479166666666667 0.05 0.06666666666666667
30 0.884375 0.759375 0.053125 0.06666666666666667
3 0.2125 0.7145833333333333 0.053125 0.06875
7 0.46640625 0.8114583333333333 0.0453125 0.0625
4 0.4 0.5427083333333333 0.0453125 0.0625
49 0.90078125 0.928125 0.053125 0.03958333333333333
22 0.84453125 0.36875 0.0375 0.04375
24 0.87578125 0.434375 0.0390625 0.04583333333333333
17 0.07890625 0.74375 0.034375 0.041666666666666664
27 0.76640625 0.7677083333333333 0.028125 0.03958333333333333
2 0.3171875 0.671875 0.040625 0.05416666666666667
34 0.2921875 0.9114583333333334 0.0375 0.052083333333333336
14 0.66640625 0.5291666666666667 0.0328125 0.04583333333333333
15 0.48984375 0.5739583333333333 0.0234375 0.03333333333333333
11 0.57734375 0.65 0.05625 0.07708333333333334
18 0.4015625 0.6552083333333333 0.025 0.03333333333333333
13 0.53125 0.6625 0.0375 0.052083333333333336
8 0.6296875 0.753125 0.0375 0.052083333333333336
16 0.5046875 0.6552083333333333 0.0234375 0.03333333333333333
26 0.69140625 0.6114583333333333 0.0234375 0.03125
49 0.61796875 0.6916666666666667 0.021875 0.029166666666666667
49 0.72734375 0.9645833333333333 0.0390625 0.014583333333333334
25 0.6890625 0.5635416666666667 0.0234375 0.03125
49 0.59453125 0.678125 0.0234375 0.029166666666666667
12 0.590625 0.7302083333333333 0.0625 0.0875