43 0.15546875 0.36354166666666665 0.0390625 0.04791666666666667
3 0.9171875 0.5083333333333333 0.05625 0.0625
50 0.959375 0.375 0.046875 0.05416666666666667
45 0.39765625 0.3885416666666667 0.0453125 0.06041666666666667
44 0.19765625 0.475 0.0296875 0.0375
34 0.965625 0.746875 0.04375 0.04791666666666667
10 0.70078125 0.6479166666666667 0.0515625 0.07083333333333333
1 0.703125 0.5270833333333333 0.03125 0.041666666666666664
19 0.67421875 0.3875 0.0390625 0.05
46 0.33671875 0.5583333333333333 0.0296875 0.041666666666666664
17 0.77421875 0.4947916666666667 0.0265625 0.035416666666666666
42 0.35859375 0.634375 0.0265625 0.035416666666666666
9 0.71484375 0.753125 0.0515625 0.06875
48 0.40546875 0.43645833333333334 0.0265625 0.035416666666666666
40 0.5390625 0.6770833333333334 0.025 0.03333333333333333
0 0.5828125 0.5614583333333333 0.03125 0.03958333333333333
37 0.6421875 0.7427083333333333 0.021875 0.03125
41 0.45546875 0.659375 0.0265625 0.035416666666666666
6 0.58359375 0.634375 0.0234375 0.03125
35 0.4828125 0.7208333333333333 0.025 0.03333333333333333
49 0.73984375 0.7322916666666667 0.0234375 0.03125
39 0.425 0.7302083333333333 0.021875 0.03125
49 0.51328125 0.5947916666666667 0.0203125 0.03125
20 0.553125 0.409375 0.03125 0.04375
49 0.684375 0.6854166666666667 0.028125 0.0375
47 0.57734375 0.4635416666666667 0.0203125 0.027083333333333334
33 0.73984375 0.9447916666666667 0.0671875 0.09375