30 0.9578125 0.746875 0.059375 0.07083333333333333
21 0.5 0.33958333333333335 0.046875 0.06458333333333334
49 0.94921875 0.9229166666666667 0.0609375 0.05416666666666667
22 0.97265625 0.3260416666666667 0.0359375 0.05
3 0.28515625 0.565625 0.0484375 0.06041666666666667
19 0.02421875 0.4635416666666667 0.0484375 0.06875
7 0.515625 0.70625 0.0421875 0.06041666666666667
4 0.47421875 0.43333333333333335 0.0453125 0.06041666666666667
27 0.82734375 0.728125 0.0296875 0.03958333333333333
1 0.08046875 0.6208333333333333 0.0421875 0.052083333333333336
34 0.346875 0.7614583333333333 0.0359375 0.04791666666666667
14 0.7515625 0.46770833333333334 0.0359375 0.04791666666666667
49 0.759375 0.9375 0.0859375 0.07291666666666667
2 0.38515625 0.546875 0.0375 0.05
9 0.09453125 0.8822916666666667 0.071875 0.09166666666666666
8 0.68515625 0.6854166666666667 0.0390625 0.05
17 0.16875 0.5708333333333333 0.0296875 0.03958333333333333
49 0.98671875 0.4041666666666667 0.0171875 0.041666666666666664
38 0.146875 0.8375 0.034375 0.04375
11 0.6421875 0.571875 0.059375 0.07916666666666666
15 0.56171875 0.48125 0.0234375 0.03333333333333333
50 0.79296875 0.5427083333333333 0.0375 0.04583333333333333
12 0.64609375 0.653125 0.0625 0.08333333333333333
10 0.065625 0.765625 0.0765625 0.09166666666666666
13 0.59453125 0.5760416666666667 0.0375 0.052083333333333336
18 0.46953125 0.5458333333333333 0.025 0.03125
25 0.77109375 0.5072916666666667 0.025 0.03333333333333333
16 0.5703125 0.565625 0.0234375 0.03333333333333333
49 0.578125 0.9854166666666667 0.0328125 0.014583333333333334
49 0.03203125 0.9020833333333333 0.01875 0.03958333333333333
28 0.68046875 0.6229166666666667 0.0234375 0.03125
26 0.7671875 0.5541666666666667 0.0234375 0.029166666666666667
49 0.0734375 0.8135416666666667 0.0390625 0.0375
49 0.65703125 0.6041666666666666 0.0265625 0.029166666666666667