43 0.14921875 0.27291666666666664 0.040625 0.05
45 0.38828125 0.2552083333333333 0.05 0.07083333333333333
20 0.5578125 0.24895833333333334 0.0359375 0.05
44 0.2109375 0.38125 0.0328125 0.03958333333333333
19 0.68203125 0.20104166666666667 0.04375 0.058333333333333334
3 0.946875 0.28854166666666664 0.0640625 0.075
49 0.9890625 0.5270833333333333 0.021875 0.05
46 0.3546875 0.4395833333333333 0.03125 0.041666666666666664
10 0.7203125 0.4708333333333333 0.0578125 0.075
17 0.8 0.29791666666666666 0.028125 0.0375
1 0.72421875 0.346875 0.034375 0.04583333333333333
48 0.4125 0.30520833333333336 0.028125 0.03958333333333333
9 0.74140625 0.5739583333333333 0.0546875 0.06875
42 0.3875 0.5104166666666666 0.0265625 0.035416666666666666
35 0.51875 0.575 0.0265625 0.0375
41 0.4859375 0.5177083333333333 0.025 0.035416666666666666
38 0.77265625 0.546875 0.028125 0.03333333333333333
0 0.6015625 0.40208333333333335 0.0328125 0.041666666666666664
39 0.46484375 0.590625 0.0234375 0.03125
33 0.7703125 0.7489583333333333 0.0703125 0.08958333333333333
37 0.67734375 0.5708333333333333 0.0234375 0.03125
6 0.61171875 0.475 0.0265625 0.03125
47 0.59296875 0.3020833333333333 0.0234375 0.03125
5 0.5390625 0.44895833333333335 0.0234375 0.03333333333333333
36 0.71484375 0.5125 0.0296875 0.029166666666666667
40 0.56953125 0.5239583333333333 0.025 0.03333333333333333