3 0.87109375 0.46145833333333336 0.0546875 0.06458333333333334
43 0.044890625 0.3260416666666667 0.046046875 0.052083333333333336
49 0.98359375 0.45416666666666666 0.0296875 0.058333333333333334
34 0.905890625 0.6985416666666667 0.041359375 0.04458333333333333
45 0.32734375 0.34479166666666666 0.0515625 0.06875
19 0.62265625 0.34479166666666666 0.0390625 0.05625
34 0.10234375 0.453125 0.0359375 0.04375
46 0.26328125 0.5385416666666667 0.0328125 0.04375
20 0.4953125 0.3729166666666667 0.034375 0.04583333333333333
9 0.6765625 0.7229166666666667 0.053125 0.07083333333333333
0 0.52734375 0.5322916666666667 0.0296875 0.04375
42 0.290265625 0.6198541666666666 0.027390625000000002 0.035562500000000004
10 0.661359375 0.6152083333333334 0.053953125000000005 0.06958333333333333
17 0.71640625 0.45729166666666665 0.0265625 0.035416666666666666
48 0.33671875 0.4083333333333333 0.0265625 0.0375
1 0.65 0.49166666666666664 0.03125 0.041666666666666664
40 0.48359375 0.6542291666666666 0.0234375 0.029020833333333333
37 0.5879218749999999 0.7146458333333333 0.021046875 0.029020833333333333
35 0.42620312499999996 0.7042291666666666 0.025734374999999997 0.0331875
39 0.397703125 0.6418125 0.028125 0.0375
39 0.3665625 0.7161041666666667 0.021875 0.03222916666666667
36 0.63125 0.6520833333333333 0.028125 0.03333333333333333
5 0.45390625 0.5714583333333334 0.0234375 0.027916666666666666
47 0.51765625 0.4333958333333333 0.0228125 0.029312500000000002
43 0.713703125 0.9245208333333333 0.071140625 0.09902083333333334
49 0.6859375 0.6895833333333333 0.021875 0.020833333333333332
49 0.53125 0.6052083333333333 0.01875 0.027083333333333334
50 0.516046875 0.6078541666666666 0.017921875 0.025979166666666668