43 0.26015625 0.29375 0.0375 0.04791666666666667
45 0.49140625 0.33125 0.0484375 0.06666666666666667
19 0.77890625 0.3458333333333333 0.04375 0.05625
20 0.646875 0.36354166666666665 0.034375 0.04583333333333333
44 0.2953125 0.40208333333333335 0.028125 0.035416666666666666
46 0.421875 0.4947916666666667 0.0328125 0.03958333333333333
1 0.80078125 0.496875 0.0359375 0.04583333333333333
17 0.88125 0.46979166666666666 0.0328125 0.0375
10 0.79296875 0.621875 0.0609375 0.07708333333333334
42 0.4390625 0.571875 0.0265625 0.03333333333333333
48 0.49453125 0.3802083333333333 0.028125 0.035416666666666666
9 0.80078125 0.73125 0.059375 0.075
5 0.59375 0.5479166666666667 0.0234375 0.03125
0 0.66796875 0.5208333333333334 0.0328125 0.041666666666666664
6 0.6640625 0.5958333333333333 0.025 0.03333333333333333
35 0.5578125 0.6697916666666667 0.0265625 0.0375
49 0.8265625 0.7135416666666666 0.0265625 0.0375
40 0.6171875 0.6333333333333333 0.0265625 0.035416666666666666
41 0.534375 0.60625 0.025 0.035416666666666666
37 0.71953125 0.7114583333333333 0.025 0.035416666666666666
39 0.5 0.671875 0.021875 0.03333333333333333
49 0.76875 0.6572916666666667 0.03125 0.0375
47 0.66640625 0.4197916666666667 0.021875 0.03125
33 0.81953125 0.9291666666666667 0.078125 0.10208333333333333