44 0.2671875 0.27708333333333335 0.028125 0.0375
20 0.630109375 0.19172916666666667 0.033546875 0.049854166666666665
45 0.46015625 0.17291666666666666 0.0484375 0.07083333333333333
46 0.40625 0.35833333333333334 0.03125 0.041666666666666664
19 0.76796875 0.15625 0.0453125 0.0625
17 0.877390625 0.27875 0.029578125 0.03639583333333333
50 0.551828125 0.523125 0.022390625 0.02875
41 0.528125 0.459375 0.028125 0.035416666666666666
42 0.43203125 0.4360416666666667 0.0234375 0.03235416666666666
43 0.21604687500000003 0.16104166666666667 0.038328125000000005 0.050979166666666666
10 0.78359375 0.44375 0.0578125 0.07083333333333333
0 0.6578125 0.35625 0.03125 0.041666666666666664
39 0.49926562499999994 0.5266666666666667 0.023546875000000002 0.0325
33 0.808640625 0.73125 0.067078125 0.0875
1 0.7921875 0.315625 0.034375 0.04375
5 0.586359375 0.3938125 0.022703124999999998 0.0268125
40 0.612140625 0.4766666666666667 0.024265625 0.0344375
37 0.716046875 0.5418125 0.024375 0.029166666666666667
49 0.8203125 0.5302083333333333 0.025 0.03125
47 0.657921875 0.2527083333333333 0.023546875000000002 0.030145833333333334
6 0.6590625 0.43556249999999996 0.025828125 0.03333333333333333
36 0.7625 0.4822916666666667 0.028125 0.035416666666666666
48 0.47265625 0.22916666666666666 0.0265625 0.0375
9 0.7922343749999999 0.5516041666666667 0.053015625 0.06764583333333334