43 0.07421875 0.428125 0.0421875 0.04791666666666667
3 0.834375 0.5479166666666667 0.05 0.058333333333333334
45 0.33046875 0.4479166666666667 0.0484375 0.0625
50 0.884375 0.4354166666666667 0.040625 0.05
20 0.4890625 0.465625 0.03125 0.04375
44 0.12109375 0.5416666666666666 0.0328125 0.0375
2 0.95703125 0.5395833333333333 0.0484375 0.05416666666666667
34 0.890625 0.775 0.040625 0.04583333333333333
19 0.60546875 0.4395833333333333 0.0359375 0.05
1 0.63984375 0.575 0.0296875 0.041666666666666664
49 0.6828125 0.9708333333333333 0.065625 0.05416666666666667
17 0.70703125 0.5395833333333333 0.0234375 0.03333333333333333
10 0.63671875 0.6958333333333333 0.0515625 0.07083333333333333
42 0.29453125 0.7010416666666667 0.0265625 0.035416666666666666
40 0.48359375 0.7333333333333333 0.0234375 0.03333333333333333
46 0.2703125 0.6229166666666667 0.03125 0.041666666666666664
6 0.5265625 0.6885416666666667 0.021875 0.035416666666666666
0 0.52265625 0.6135416666666667 0.0296875 0.03958333333333333
37 0.5875 0.79375 0.021875 0.03333333333333333
35 0.426921875 0.7840833333333334 0.028828125 0.03902083333333333
9 0.6546875 0.8 0.05 0.07083333333333333
49 0.68046875 0.7770833333333333 0.0234375 0.03333333333333333
40 0.3671875 0.7958333333333333 0.021875 0.03333333333333333
47 0.51640625 0.5166666666666667 0.0203125 0.029166666666666667
41 0.3984375 0.7197916666666667 0.025 0.035416666666666666
5 0.45546875 0.6510416666666666 0.0203125 0.03125
49 0.6265625 0.7333333333333333 0.028125 0.03333333333333333
48 0.3421875 0.4947916666666667 0.028125 0.035416666666666666