21 0.228125 0.384375 0.05 0.06458333333333334
4 0.20703125 0.48541666666666666 0.0484375 0.058333333333333334
7 0.27265625 0.7677083333333333 0.0453125 0.06041666666666667
29 0.6703125 0.8708333333333333 0.04375 0.0625
50 0.07421875 0.9645833333333333 0.0578125 0.06666666666666667
30 0.66484375 0.7072916666666667 0.0390625 0.052083333333333336
32 0.515625 0.946875 0.071875 0.10208333333333333
42 0.65703125 0.35625 0.0296875 0.0375
44 0.678125 0.41770833333333335 0.028125 0.035416666666666666
34 0.0703125 0.8822916666666667 0.04375 0.052083333333333336
2 0.107765625 0.6228541666666667 0.04384375 0.050124999999999996
14 0.49140625 0.49166666666666664 0.0296875 0.041666666666666664
27 0.57265625 0.7177083333333333 0.0234375 0.03125
8 0.4453125 0.70625 0.034375 0.04583333333333333
25 0.51328125 0.525 0.0203125 0.029166666666666667
12 0.39765625 0.6833333333333333 0.0546875 0.075
18 0.214796875 0.6041666666666666 0.025 0.03333333333333333
15 0.31484375 0.5239583333333333 0.0234375 0.03125
11 0.390625 0.6052083333333333 0.053125 0.06875
13 0.34921875 0.615625 0.0328125 0.04791666666666667
16 0.3265625 0.609375 0.021875 0.03125
26 0.5140625 0.5697916666666667 0.01875 0.027083333333333334
49 0.41640625 0.6291666666666667 0.0234375 0.03333333333333333
28 0.440625 0.646875 0.01875 0.027083333333333334