21 0.0734375 0.41354166666666664 0.065625 0.07291666666666667
4 0.06875 0.5260416666666666 0.0609375 0.07083333333333333
50 0.14375 0.9833333333333333 0.0625 0.03333333333333333
7 0.1921875 0.796875 0.0515625 0.06458333333333334
22 0.528125 0.284375 0.03125 0.041666666666666664
30 0.5765625 0.6229166666666667 0.0390625 0.05416666666666667
29 0.59921875 0.7729166666666667 0.04375 0.058333333333333334
32 0.453125 0.8958333333333334 0.0765625 0.11041666666666666
24 0.5578125 0.3416666666666667 0.028125 0.0375
8 0.36640625 0.68125 0.0359375 0.05
14 0.38203125 0.45625 0.0328125 0.04375
27 0.49765625 0.6552083333333333 0.025 0.035416666666666666
15 0.20625 0.534375 0.028125 0.035416666666666666
11 0.28515625 0.6 0.0609375 0.07708333333333334
18 0.10859375 0.646875 0.03125 0.03958333333333333
25 0.41484375 0.48333333333333334 0.021875 0.029166666666666667
23 0.32890625 0.6135416666666667 0.0265625 0.0375
49 0.25078125 0.6197916666666666 0.0375 0.052083333333333336
28 0.36015625 0.6229166666666667 0.021875 0.03125
49 0.23046875 0.6166666666666667 0.01875 0.035416666666666666
12 0.3046875 0.6760416666666667 0.0640625 0.08333333333333333
26 0.42265625 0.5291666666666667 0.021875 0.029166666666666667