43 0.16214062499999998 0.2411875 0.038234375 0.0468125
45 0.4015625 0.24583333333333332 0.046875 0.06666666666666667
20 0.57109375 0.2552083333333333 0.0328125 0.04791666666666667
44 0.21754687499999997 0.35422916666666665 0.030515625 0.03735416666666667
19 0.696875 0.21875 0.040625 0.05416666666666667
3 0.95703125 0.3302083333333333 0.0609375 0.06875
49 0.98828125 0.5739583333333333 0.0203125 0.04791666666666667
46 0.35859375 0.42604166666666665 0.0296875 0.03958333333333333
10 0.72109375 0.49166666666666664 0.0546875 0.07083333333333333
17 0.81015625 0.3260416666666667 0.0265625 0.035416666666666666
1 0.73203125 0.36770833333333336 0.0328125 0.04375
48 0.42265625 0.29791666666666666 0.0265625 0.0375
9 0.736765625 0.5959791666666666 0.051453125 0.0644375
42 0.3875 0.5 0.025 0.03333333333333333
35 0.5148906249999999 0.5766666666666667 0.025 0.0344375
41 0.48515625 0.5166666666666667 0.0234375 0.03333333333333333
38 0.76953125 0.571875 0.0265625 0.03125
0 0.60625 0.4114583333333333 0.03125 0.03958333333333333
39 0.459796875 0.5875625 0.022703124999999998 0.029312500000000002
33 0.756296875 0.7729791666666667 0.065515625 0.0831875
37 0.6734375 0.5875 0.021875 0.029166666666666667
6 0.6125 0.48541666666666666 0.025 0.029166666666666667
47 0.6031718749999999 0.3109791666666667 0.021984375 0.030270833333333334
5 0.541921875 0.4527083333333334 0.021140625 0.03235416666666666
36 0.7140625 0.5322916666666667 0.028125 0.027083333333333334
40 0.56796875 0.5302083333333333 0.0234375 0.03125