22 0.6265625 0.2593125 0.028125 0.0375
14 0.45390625 0.3802083333333333 0.0296875 0.03958333333333333
31 0.32109375 0.9427083333333334 0.0640625 0.08958333333333333
7 0.22578125 0.6416666666666667 0.0453125 0.058333333333333334
24 0.64296875 0.3260416666666667 0.0265625 0.035416666666666666
4 0.16015625 0.3385416666666667 0.0515625 0.06458333333333334
25 0.467609375 0.4219375 0.022703124999999998 0.0269375
26 0.46526562499999996 0.46937500000000004 0.021140625 0.028187499999999997
21 0.18671875 0.22916666666666666 0.0546875 0.07083333333333333
15 0.2609375 0.40208333333333335 0.025 0.03333333333333333
30 0.6203125 0.6072916666666667 0.0375 0.052083333333333336
16 0.27265625 0.49166666666666664 0.0234375 0.03333333333333333
32 0.49296875 0.8208333333333333 0.0703125 0.1
12 0.37109375 0.5614583333333333 0.0578125 0.07708333333333334
18 0.1515625 0.475 0.028125 0.03333333333333333
29 0.61875 0.759375 0.040625 0.05625
13 0.30546875 0.49375 0.0359375 0.04583333333333333
2 0.040625 0.48020833333333335 0.05 0.05625
27 0.51796875 0.6166666666666667 0.0234375 0.029166666666666667
11 0.36328125 0.48125 0.0546875 0.07083333333333333
8 0.4 0.59375 0.034375 0.04583333333333333
49 0.01171875 0.7489583333333333 0.0234375 0.052083333333333336
50 0.29921875 0.8354166666666667 0.0265625 0.0375
49 0.3671875 0.51875 0.025 0.016666666666666666