3 0.9 0.5697916666666667 0.0609375 0.06875
43 0.06171875 0.18333333333333332 0.05 0.06041666666666667
44 0.09375 0.3385416666666667 0.040625 0.04583333333333333
20 0.521875 0.375 0.0328125 0.05
34 0.875 0.8114583333333333 0.0421875 0.05
46 0.25546875 0.47604166666666664 0.0359375 0.04791666666666667
10 0.68125 0.665625 0.059375 0.07916666666666666
45 0.37890625 0.290625 0.0546875 0.075
49 0.98828125 0.5947916666666667 0.0171875 0.052083333333333336
9 0.6765625 0.78125 0.059375 0.07708333333333334
42 0.2609375 0.56875 0.028125 0.0375
19 0.66171875 0.38333333333333336 0.040625 0.05416666666666667
48 0.34453125 0.36354166666666665 0.03125 0.03958333333333333
41 0.36796875 0.6208333333333333 0.028125 0.03958333333333333
0 0.52578125 0.5458333333333333 0.03125 0.041666666666666664
49 0.70625 0.9739583333333334 0.075 0.052083333333333336
39 0.31796875 0.6885416666666667 0.025 0.0375
1 0.653125 0.5395833333333333 0.0328125 0.04375
35 0.3875 0.69375 0.028125 0.0375
40 0.45078125 0.6583333333333333 0.025 0.03333333333333333
17 0.71171875 0.5239583333333333 0.0265625 0.035416666666666666
2 0.5015625 0.6239583333333333 0.025 0.03333333333333333
5 0.4328125 0.565625 0.021875 0.029166666666666667
37 0.54375 0.7458333333333333 0.025 0.03333333333333333
36 0.603125 0.6958333333333333 0.0296875 0.0375
38 0.64296875 0.7541666666666667 0.028125 0.0375
47 0.5171875 0.44583333333333336 0.0203125 0.029166666666666667
50 0.646875 0.7864583333333334 0.0109375 0.025