3 0.95390625 0.31354166666666666 0.065625 0.07083333333333333
43 0.1578125 0.2791666666666667 0.0390625 0.05
45 0.39609375 0.26875 0.0515625 0.06875
44 0.21796875 0.3854166666666667 0.03125 0.0375
49 0.99296875 0.5520833333333334 0.0140625 0.041666666666666664
19 0.68828125 0.22083333333333333 0.040625 0.058333333333333334
10 0.72421875 0.490625 0.0578125 0.075
46 0.36015625 0.4479166666666667 0.0328125 0.041666666666666664
1 0.73046875 0.365625 0.034375 0.04583333333333333
33 0.77109375 0.76875 0.0703125 0.09166666666666666
9 0.74375 0.59375 0.0546875 0.07083333333333333
17 0.80546875 0.31875 0.0296875 0.0375
42 0.39140625 0.5208333333333334 0.0265625 0.03125
35 0.52109375 0.590625 0.0265625 0.0375
48 0.41953125 0.31666666666666665 0.0265625 0.0375
20 0.5640625 0.26458333333333334 0.0359375 0.04583333333333333
38 0.77734375 0.56875 0.03125 0.035416666666666666
6 0.61640625 0.49375 0.025 0.035416666666666666
37 0.68125 0.590625 0.025 0.03333333333333333
40 0.5734375 0.540625 0.0265625 0.03333333333333333
39 0.46796875 0.6052083333333333 0.021875 0.03125
0 0.60703125 0.41875 0.028125 0.03958333333333333
41 0.4890625 0.5333333333333333 0.0265625 0.035416666666666666
5 0.5421875 0.4625 0.0234375 0.029166666666666667
47 0.59921875 0.3177083333333333 0.0234375 0.03125
36 0.71875 0.53125 0.0296875 0.03333333333333333