8 0.5703125 0.253125 0.0390625 0.052083333333333336
11 0.53203125 0.10520833333333333 0.0640625 0.09166666666666666
7 0.3921875 0.25104166666666666 0.04375 0.06041666666666667
29 0.75703125 0.4875 0.046875 0.058333333333333334
28 0.5765625 0.19583333333333333 0.025 0.035416666666666666
30 0.8015625 0.33125 0.046875 0.06041666666666667
49 0.46328125 0.11041666666666666 0.01875 0.035416666666666666
32 0.59375 0.490625 0.075 0.1
31 0.434375 0.5364583333333334 0.0578125 0.07708333333333334
49 0.553125 0.1625 0.028125 0.03958333333333333
3 0.10859375 0.040625 0.0640625 0.08125
25 0.68515625 0.075 0.0265625 0.035416666666666666
18 0.353125 0.06770833333333333 0.028125 0.0375
26 0.67421875 0.13229166666666667 0.025 0.03125
2 0.24375 0.04375 0.046875 0.06666666666666667
27 0.69609375 0.31354166666666666 0.0265625 0.035416666666666666
34 0.2140625 0.29583333333333334 0.0390625 0.04791666666666667
49 0.4640625 0.0125 0.028125 0.025
49 0.66875 0.028125 0.0359375 0.03125
49 0.0140625 0.5697916666666667 0.028125 0.09375
50 0.4125 0.565625 0.0171875 0.016666666666666666
13 0.48671875 0.11770833333333333 0.0390625 0.06041666666666667
12 0.525 0.19791666666666666 0.0640625 0.08958333333333333
49 0.01015625 0.3572916666666667 0.009375 0.03125