22 0.6234375 0.25625 0.028125 0.0375
14 0.45234375 0.38125 0.0296875 0.03958333333333333
31 0.3265625 0.946875 0.065625 0.09166666666666666
7 0.22734375 0.6479166666666667 0.0453125 0.06041666666666667
24 0.640625 0.3229166666666667 0.0265625 0.035416666666666666
4 0.1578125 0.346875 0.053125 0.06666666666666667
25 0.46640625 0.42291666666666666 0.0234375 0.027083333333333334
26 0.46484375 0.46979166666666666 0.021875 0.029166666666666667
21 0.18359375 0.23645833333333333 0.05625 0.07291666666666667
15 0.259375 0.40729166666666666 0.025 0.03333333333333333
30 0.621875 0.6041666666666666 0.0375 0.052083333333333336
16 0.27265625 0.496875 0.0234375 0.03333333333333333
32 0.496875 0.8208333333333333 0.071875 0.10208333333333333
12 0.371875 0.5645833333333333 0.059375 0.07916666666666666
18 0.1515625 0.48333333333333334 0.028125 0.03333333333333333
29 0.621875 0.75625 0.040625 0.05625
13 0.30546875 0.4979166666666667 0.0359375 0.04583333333333333
2 0.040625 0.490625 0.05 0.058333333333333334
27 0.51953125 0.6166666666666667 0.0234375 0.029166666666666667
11 0.36328125 0.484375 0.05625 0.07291666666666667
8 0.4015625 0.5958333333333333 0.034375 0.04583333333333333
49 0.01484375 0.7604166666666666 0.0234375 0.052083333333333336
50 0.30390625 0.8395833333333333 0.0265625 0.0375
49 0.3671875 0.521875 0.025 0.016666666666666666