24 0.625828125 0.3104791666666667 0.028125 0.03735416666666667
8 0.35859375 0.5739583333333333 0.0328125 0.04375
25 0.44609375 0.3958333333333333 0.0203125 0.029166666666666667
22 0.611046875 0.24020833333333333 0.031453125 0.04291666666666667
21 0.115625 0.17395833333333333 0.0625 0.08125
12 0.2984375 0.5447916666666667 0.0625 0.08125
28 0.36171875 0.5135416666666667 0.0203125 0.027083333333333334
15 0.23046875 0.3625 0.0265625 0.03333333333333333
30 0.58359375 0.603125 0.0390625 0.052083333333333336
14 0.4234375 0.35520833333333335 0.03125 0.04375
26 0.44457812499999994 0.44485416666666666 0.020421875 0.02722916666666667
32 0.40546875 0.8395833333333333 0.0796875 0.10833333333333334
31 0.22734375 0.9479166666666666 0.0703125 0.09583333333333334
4 0.0890625 0.2916666666666667 0.059375 0.07083333333333333
23 0.334796875 0.49014583333333334 0.027296874999999998 0.03639583333333333
7 0.159375 0.6166666666666667 0.05 0.0625
29 0.5734375 0.7604166666666666 0.040625 0.058333333333333334
18 0.11328125 0.4360416666666667 0.0296875 0.03875
13 0.25546875 0.4666666666666667 0.0328125 0.05
27 0.49140625 0.6 0.0234375 0.03333333333333333
50 0.47265625 0.5979166666666667 0.0171875 0.025
11 0.29609375 0.4583333333333333 0.0578125 0.07916666666666666
49 0.238125 0.45268749999999996 0.013750000000000002 0.0270625