8 0.55725 0.247625 0.036390624999999996 0.04939583333333333
11 0.5109375 0.103125 0.059375 0.08541666666666667
7 0.3796875 0.26145833333333335 0.040625 0.05625
29 0.7557968749999999 0.46310416666666665 0.044640625 0.05477083333333333
28 0.560265625 0.18972916666666664 0.02365625 0.033625
30 0.7921875 0.303125 0.04375 0.05625
49 0.44296875 0.11458333333333333 0.0171875 0.03333333333333333
32 0.59296875 0.4822916666666667 0.0703125 0.09375
31 0.43671875 0.5427083333333333 0.0546875 0.07291666666666667
49 0.53515625 0.15833333333333333 0.0265625 0.0375
3 0.08515625 0.078125 0.0609375 0.07708333333333334
25 0.6625 0.058333333333333334 0.025 0.03333333333333333
18 0.33046875 0.08229166666666667 0.0265625 0.035416666666666666
26 0.65446875 0.11710416666666666 0.022765625 0.0300625
2 0.2203125 0.06875 0.04375 0.0625
27 0.6859375 0.29583333333333334 0.025 0.03333333333333333
34 0.20435937499999998 0.3230625 0.036828125 0.04375
49 0.43828125 0.014583333333333334 0.0265625 0.029166666666666667
49 0.64375 0.013541666666666667 0.034375 0.027083333333333334
49 0.015625 0.6166666666666667 0.03125 0.09166666666666666
50 0.41640625 0.5737708333333333 0.01584375 0.015375
13 0.46640625 0.11979166666666667 0.0359375 0.05625
12 0.509375 0.19583333333333333 0.059375 0.08333333333333333
49 0.00390625 0.403125 0.0078125 0.03125