21 0.28671875 0.271875 0.053125 0.07291666666666667
32 0.471875 0.940625 0.084375 0.11875
27 0.59375 0.7114583333333333 0.0265625 0.035416666666666666
30 0.6859375 0.734375 0.0453125 0.0625
8 0.4625 0.6614583333333334 0.034375 0.04791666666666667
12 0.403125 0.625 0.0625 0.08333333333333333
4 0.2546875 0.3697916666666667 0.05 0.06458333333333334
15 0.36875 0.4427083333333333 0.025 0.03333333333333333
14 0.54453125 0.4583333333333333 0.0296875 0.04375
18 0.26171875 0.49270833333333336 0.025 0.03333333333333333
25 0.56640625 0.5 0.021875 0.03125
29 0.66328125 0.9020833333333333 0.0484375 0.06875
24 0.75625 0.43645833333333334 0.03125 0.03958333333333333
11 0.4109375 0.5427083333333333 0.0578125 0.07708333333333334
7 0.278125 0.66875 0.046875 0.06041666666666667
2 0.14765625 0.48020833333333335 0.0453125 0.058333333333333334
22 0.74375 0.3625 0.0328125 0.04375
28 0.475 0.6010416666666667 0.021875 0.029166666666666667
23 0.44921875 0.575 0.0265625 0.035416666666666666
34 0.0828125 0.7166666666666667 0.04375 0.052083333333333336
26 0.5609375 0.546875 0.0421875 0.05625
49 0.01796875 0.484375 0.0359375 0.06875
49 0.303125 0.9697916666666667 0.0515625 0.027083333333333334
50 0.57109375 0.60625 0.0203125 0.029166666666666667
13 0.375 0.54375 0.0203125 0.04583333333333333
49 0.36171875 0.5333333333333333 0.0109375 0.041666666666666664