43 0.0765625 0.4083333333333333 0.04375 0.05
3 0.8328125 0.5635416666666667 0.0515625 0.06041666666666667
45 0.33203125 0.4395833333333333 0.05 0.06458333333333334
50 0.8859375 0.453125 0.0421875 0.052083333333333336
20 0.48984375 0.465625 0.0328125 0.04583333333333333
44 0.1203125 0.5239583333333333 0.034375 0.03958333333333333
2 0.95546875 0.5604166666666667 0.05 0.05625
34 0.8828125 0.7927083333333333 0.0421875 0.04791666666666667
19 0.60703125 0.44479166666666664 0.0375 0.052083333333333336
1 0.6375 0.58125 0.03125 0.04375
49 0.66953125 0.975 0.0671875 0.05
17 0.70625 0.5489583333333333 0.025 0.035416666666666666
10 0.63125 0.7020833333333333 0.053125 0.07291666666666667
42 0.2890625 0.6916666666666667 0.028125 0.0375
40 0.47734375 0.7322916666666667 0.025 0.035416666666666666
46 0.2671875 0.6125 0.0328125 0.04375
6 0.521875 0.6895833333333333 0.0234375 0.035416666666666666
0 0.51953125 0.6145833333333334 0.03125 0.041666666666666664
37 0.5796875 0.7979166666666667 0.0234375 0.03333333333333333
35 0.41953125 0.7802083333333333 0.0296875 0.03958333333333333
9 0.646875 0.8072916666666666 0.0515625 0.07291666666666667
49 0.6734375 0.7854166666666667 0.025 0.035416666666666666
40 0.359375 0.7895833333333333 0.0234375 0.03333333333333333
47 0.515625 0.5177083333333333 0.0203125 0.029166666666666667
41 0.39296875 0.7145833333333333 0.0265625 0.0375
5 0.4515625 0.6489583333333333 0.021875 0.03125
49 0.6203125 0.7395833333333334 0.0296875 0.035416666666666666
48 0.3421875 0.4875 0.0296875 0.0375