24 0.63984375 0.32916666666666666 0.03125 0.041666666666666664
8 0.35390625 0.5541666666666667 0.0359375 0.04791666666666667
25 0.4546875 0.3885416666666667 0.021875 0.03125
22 0.63046875 0.25729166666666664 0.034375 0.04791666666666667
21 0.14296875 0.121875 0.06875 0.08958333333333333
12 0.29609375 0.5166666666666667 0.06875 0.08958333333333333
28 0.36171875 0.49375 0.021875 0.029166666666666667
15 0.24296875 0.3260416666666667 0.0296875 0.0375
30 0.575 0.6145833333333334 0.0421875 0.05625
14 0.43515625 0.3458333333333333 0.034375 0.04791666666666667
26 0.44921875 0.4375 0.021875 0.029166666666666667
32 0.3796875 0.825 0.0875 0.11875
31 0.19375 0.9072916666666667 0.078125 0.10416666666666667
4 0.1078125 0.23541666666666666 0.0640625 0.07916666666666666
23 0.33671875 0.4666666666666667 0.0296875 0.03958333333333333
7 0.15234375 0.56875 0.0546875 0.06875
29 0.55234375 0.76875 0.0453125 0.06458333333333334
18 0.1203125 0.38229166666666664 0.0328125 0.041666666666666664
13 0.259375 0.4322916666666667 0.0359375 0.05416666666666667
27 0.48359375 0.5979166666666667 0.0265625 0.035416666666666666
50 0.46484375 0.59375 0.01875 0.027083333333333334
11 0.30078125 0.43020833333333336 0.0640625 0.0875
49 0.24296875 0.4166666666666667 0.015625 0.029166666666666667