20 0.15859375 0.20208333333333334 0.0421875 0.05416666666666667
4 0.7453125 0.121875 0.053125 0.07291666666666667
3 0.5265625 0.2760416666666667 0.04375 0.06041666666666667
7 0.76484375 0.4479166666666667 0.0484375 0.06041666666666667
19 0.29453125 0.16666666666666666 0.0421875 0.0625
2 0.63046875 0.2604166666666667 0.0375 0.05
34 0.58046875 0.4791666666666667 0.0296875 0.041666666666666664
33 0.39375 0.7083333333333334 0.059375 0.07916666666666666
13 0.8796875 0.30625 0.046875 0.058333333333333334
49 0.7890625 0.016666666666666666 0.059375 0.03333333333333333
10 0.340625 0.4427083333333333 0.053125 0.07083333333333333
15 0.846875 0.19166666666666668 0.03125 0.0375
31 0.80703125 0.7739583333333333 0.0671875 0.08541666666666667
18 0.72109375 0.265625 0.0265625 0.035416666666666666
39 0.06796875 0.6052083333333333 0.0296875 0.035416666666666666
11 0.95625 0.30104166666666665 0.08125 0.09375
35 0.1375 0.578125 0.03125 0.041666666666666664
16 0.84375 0.29583333333333334 0.028125 0.0375
0 0.225 0.37604166666666666 0.034375 0.04375
41 0.090625 0.5145833333333333 0.034375 0.03958333333333333
9 0.3671875 0.5427083333333333 0.05 0.06666666666666667
40 0.2015625 0.5135416666666667 0.03125 0.0375
12 0.94765625 0.40208333333333335 0.0859375 0.09583333333333334
17 0.42265625 0.2791666666666667 0.0234375 0.03333333333333333
8 0.97890625 0.4479166666666667 0.0390625 0.05416666666666667
1 0.3515625 0.32083333333333336 0.03125 0.041666666666666664
38 0.41015625 0.5145833333333333 0.0234375 0.03333333333333333
5 0.1578125 0.42916666666666664 0.028125 0.03333333333333333
6 0.246875 0.45625 0.028125 0.03333333333333333
49 0.43359375 0.5645833333333333 0.0203125 0.029166666666666667
37 0.3234375 0.55 0.025 0.03125
47 0.21640625 0.2677083333333333 0.0234375 0.03125
49 0.98671875 0.375 0.0234375 0.03333333333333333
36 0.35390625 0.48333333333333334 0.0265625 0.03333333333333333
49 0.95703125 0.3489583333333333 0.0359375 0.022916666666666665