43 0.1515625 0.3614583333333333 0.0375 0.04791666666666667
3 0.91328125 0.50625 0.0546875 0.0625
45 0.39453125 0.38645833333333335 0.0453125 0.06041666666666667
50 0.96875 0.375 0.046875 0.05416666666666667
20 0.55078125 0.40729166666666666 0.0296875 0.04375
44 0.19453125 0.47291666666666665 0.0296875 0.0375
19 0.6703125 0.3854166666666667 0.0375 0.05
46 0.33359375 0.55625 0.0296875 0.041666666666666664
34 0.9625 0.7427083333333333 0.04375 0.04791666666666667
10 0.69765625 0.6447916666666667 0.0515625 0.06875
1 0.70078125 0.525 0.0328125 0.041666666666666664
42 0.35625 0.6322916666666667 0.025 0.03125
9 0.7125 0.7510416666666667 0.053125 0.06875
0 0.58046875 0.559375 0.0296875 0.03958333333333333
48 0.403125 0.4354166666666667 0.025 0.03333333333333333
49 0.73671875 0.7291666666666666 0.0234375 0.03333333333333333
6 0.58203125 0.6322916666666667 0.0234375 0.03125
17 0.771875 0.49166666666666664 0.025 0.03333333333333333
37 0.640625 0.740625 0.021875 0.03125
40 0.5375 0.675 0.025 0.03333333333333333
35 0.48046875 0.7197916666666667 0.0234375 0.035416666666666666
41 0.4546875 0.6572916666666667 0.025 0.035416666666666666
39 0.4234375 0.728125 0.021875 0.03125
5 0.5109375 0.5927083333333333 0.021875 0.03125
47 0.57578125 0.46145833333333336 0.0203125 0.027083333333333334
33 0.73671875 0.9395833333333333 0.0671875 0.09583333333333334
49 0.6828125 0.6833333333333333 0.028125 0.0375