43 0.2078125 0.30833333333333335 0.0390625 0.04791666666666667
45 0.4421875 0.36041666666666666 0.0484375 0.06875
3 0.96953125 0.5322916666666667 0.059375 0.06875
19 0.7234375 0.38333333333333336 0.0421875 0.058333333333333334
46 0.37265625 0.5177083333333333 0.03125 0.04375
44 0.2421875 0.42604166666666665 0.0296875 0.0375
10 0.734375 0.65 0.0578125 0.07291666666666667
49 0.9953125 0.3885416666666667 0.009375 0.04791666666666667
42 0.390625 0.5989583333333334 0.025 0.0375
9 0.74296875 0.7572916666666667 0.0546875 0.07291666666666667
0 0.61640625 0.546875 0.03125 0.041666666666666664
1 0.74375 0.5291666666666667 0.034375 0.04375
48 0.44609375 0.4083333333333333 0.028125 0.0375
20 0.5953125 0.39479166666666665 0.034375 0.04583333333333333
17 0.81953125 0.503125 0.0296875 0.035416666666666666
37 0.6671875 0.7375 0.025 0.03333333333333333
49 0.76796875 0.7385416666666667 0.0265625 0.03333333333333333
6 0.6140625 0.625 0.0265625 0.035416666666666666
41 0.48515625 0.634375 0.0265625 0.035416666666666666
39 0.45 0.7 0.0234375 0.03125
35 0.50859375 0.6979166666666666 0.0265625 0.0375
40 0.56640625 0.6583333333333333 0.025 0.03125
5 0.54453125 0.5770833333333333 0.0234375 0.03125
47 0.61796875 0.4510416666666667 0.021875 0.029166666666666667
36 0.71328125 0.684375 0.028125 0.035416666666666666
33 0.7578125 0.9489583333333333 0.075 0.10208333333333333
49 0.9828125 0.7770833333333333 0.00625 0.025