3 0.03671875 0.2552083333333333 0.0640625 0.07291666666666667
30 0.71875 0.5458333333333333 0.084375 0.10833333333333334
4 0.28828125 0.14375 0.0515625 0.07083333333333333
22 0.8118281250000001 0.16160416666666666 0.0359375 0.0456875
32 0.5172343749999999 0.725 0.0734375 0.1
24 0.815625 0.24270833333333333 0.034375 0.04375
7 0.3203125 0.459375 0.04375 0.05625
21 0.321875 0.035416666666666666 0.05625 0.07083333333333333
31 0.35 0.7666666666666667 0.059375 0.07916666666666666
2 0.1796875 0.259375 0.04375 0.05625
34 0.132453125 0.49431250000000004 0.038234375 0.04472916666666667
14 0.58828125 0.25625 0.0328125 0.04583333333333333
29 0.684375 0.6989583333333333 0.04375 0.05625
15 0.40078125 0.23020833333333332 0.0234375 0.035416666666666666
8 0.498078125 0.4615208333333333 0.031984374999999995 0.043604166666666666
12 0.45004687499999996 0.4261041666666667 0.056140625 0.0769375
27 0.621515625 0.5177708333333333 0.022609375 0.031104166666666665
18 0.29140625 0.2791666666666667 0.0265625 0.03333333333333333
25 0.6046875 0.30104166666666665 0.021875 0.03125
26 0.59453125 0.35 0.0203125 0.029166666666666667
28 0.50546875 0.4010416666666667 0.0203125 0.027083333333333334
16 0.39921875 0.31979166666666664 0.0203125 0.027083333333333334
23 0.484375 0.3729166666666667 0.025 0.03333333333333333
11 0.45625 0.340625 0.05625 0.07708333333333334
13 0.415625 0.3375 0.03125 0.05