43 0.41171875 0.5489583333333333 0.0328125 0.04375
49 0.989109375 0.6510416666666666 0.018640625 0.06041666666666667
44 0.42895312499999994 0.6641041666666666 0.026453125 0.03847916666666666
46 0.56015625 0.7802708333333332 0.0328125 0.043604166666666666
20 0.825 0.6561875 0.040625 0.052083333333333336
6 0.838640625 0.9469375 0.030421874999999998 0.043604166666666666
43 0.66953125 0.603125 0.0515625 0.06875
50 0.52109375 0.76875 0.0265625 0.0375
0 0.85703125 0.85 0.0421875 0.05416666666666667
5 0.74453125 0.86875 0.0265625 0.0375
48 0.63515625 0.6604166666666667 0.0265625 0.0375
41 0.6796875 0.9333333333333333 0.03125 0.04583333333333333
40 0.7796875 0.9813124999999999 0.03125 0.0331875
42 0.56640625 0.8729166666666667 0.0296875 0.041666666666666664
47 0.828125 0.725 0.025 0.03333333333333333
49 0.6296875 0.99375 0.01875 0.008333333333333333