12 0.55078125 0.675 0.0546875 0.075
22 0.83203125 0.43333333333333335 0.03125 0.03958333333333333
18 0.35390625 0.546875 0.025 0.03333333333333333
24 0.84453125 0.5041666666666667 0.0328125 0.0375
16 0.45234375 0.584375 0.021875 0.029166666666666667
14 0.63671875 0.5197916666666667 0.0296875 0.0375
21 0.4296875 0.346875 0.046875 0.0625
25 0.64140625 0.5604166666666667 0.021875 0.027083333333333334
26 0.6328125 0.6052083333333333 0.01875 0.025
30 0.79453125 0.796875 0.04375 0.05625
13 0.4890625 0.5958333333333333 0.034375 0.04583333333333333
4 0.3921875 0.4354166666666667 0.04375 0.058333333333333334
3 0.17421875 0.5333333333333333 0.05 0.0625
15 0.4546875 0.5010416666666667 0.021875 0.029166666666666667
7 0.403125 0.7145833333333333 0.040625 0.05416666666666667
27 0.67421875 0.7729166666666667 0.025 0.03333333333333333
29 0.7765625 0.9614583333333333 0.0515625 0.0625
2 0.2796875 0.53125 0.0375 0.04791666666666667
34 0.20546875 0.7552083333333334 0.0390625 0.04791666666666667
49 0.6421875 0.9583333333333334 0.0765625 0.075
8 0.5609375 0.7197916666666667 0.03125 0.0375
17 0.01484375 0.515625 0.0296875 0.0375
50 0.2046875 0.9760416666666667 0.040625 0.04791666666666667
23 0.53359375 0.63125 0.0203125 0.03125
49 0.45546875 0.99375 0.0328125 0.010416666666666666
11 0.55 0.5979166666666667 0.0515625 0.07083333333333333