43 0.24921875 0.30416666666666664 0.0359375 0.04583333333333333
45 0.4828125 0.3260416666666667 0.046875 0.06458333333333334
44 0.2875 0.4125 0.028125 0.0375
20 0.63984375 0.34791666666666665 0.0328125 0.04583333333333333
19 0.77109375 0.3229166666666667 0.0421875 0.05416666666666667
46 0.41953125 0.4947916666666667 0.0296875 0.03958333333333333
17 0.8765625 0.43854166666666666 0.03125 0.035416666666666666
1 0.79765625 0.471875 0.0359375 0.04375
10 0.79453125 0.596875 0.0578125 0.07291666666666667
42 0.43984375 0.5708333333333333 0.0234375 0.03333333333333333
48 0.48671875 0.37604166666666666 0.0265625 0.035416666666666666
0 0.6671875 0.5041666666666667 0.03125 0.041666666666666664
9 0.80625 0.7052083333333333 0.05625 0.06875
5 0.59296875 0.5364583333333334 0.0234375 0.03125
41 0.5359375 0.5989583333333334 0.025 0.035416666666666666
40 0.61796875 0.6177083333333333 0.0234375 0.03125
6 0.665625 0.5791666666666667 0.025 0.03333333333333333
37 0.7234375 0.690625 0.025 0.03125
49 0.83125 0.6864583333333333 0.025 0.035416666666666666
35 0.5609375 0.6614583333333334 0.025 0.035416666666666666
39 0.5046875 0.6645833333333333 0.021875 0.029166666666666667
47 0.66171875 0.4041666666666667 0.0203125 0.029166666666666667
36 0.7703125 0.634375 0.028125 0.03958333333333333
33 0.831453125 0.8975000000000001 0.07109375 0.09658333333333333