3 0.09609375 0.46770833333333334 0.059375 0.07083333333333333
21 0.3515625 0.25729166666666664 0.053125 0.07083333333333333
22 0.79296875 0.3229166666666667 0.034375 0.04583333333333333
7 0.34921875 0.6364583333333333 0.0453125 0.058333333333333334
29 0.7203125 0.853125 0.05 0.06875
24 0.80703125 0.39479166666666665 0.034375 0.041666666666666664
32 0.5515625 0.8791666666666667 0.08125 0.1125
4 0.32109375 0.35208333333333336 0.0484375 0.06458333333333334
30 0.74140625 0.690625 0.046875 0.06041666666666667
2 0.21953125 0.4583333333333333 0.04375 0.05625
50 0.6578125 0.5604166666666667 0.034375 0.04375
34 0.16640625 0.684375 0.040625 0.052083333333333336
15 0.41796875 0.415625 0.025 0.03333333333333333
27 0.64375 0.6729166666666667 0.0265625 0.0375
8 0.51953125 0.625 0.0375 0.04791666666666667
14 0.59453125 0.425 0.0328125 0.04583333333333333
12 0.4734375 0.590625 0.0609375 0.07916666666666666
18 0.3171875 0.46875 0.028125 0.035416666666666666
11 0.4765625 0.509375 0.0578125 0.07708333333333334
25 0.61328125 0.4635416666666667 0.025 0.03333333333333333
13 0.4375 0.5114583333333333 0.0359375 0.052083333333333336
28 0.52265625 0.5666666666666667 0.0234375 0.03125
26 0.60703125 0.5114583333333333 0.021875 0.027083333333333334
31 0.3859375 0.9395833333333333 0.065625 0.09375
23 0.5015625 0.54375 0.0265625 0.035416666666666666
49 0.41875 0.49895833333333334 0.0234375 0.03333333333333333