32 0.44609375 0.8875 0.0765625 0.10833333333333334
22 0.634375 0.27395833333333336 0.028125 0.03958333333333333
21 0.159375 0.2833333333333333 0.05625 0.07083333333333333
24 0.65703125 0.3416666666666667 0.0296875 0.0375
4 0.14296875 0.3927083333333333 0.0515625 0.06458333333333334
12 0.3359375 0.609375 0.059375 0.07708333333333334
29 0.624953125 0.8032708333333333 0.040515625 0.05597916666666667
27 0.54296875 0.6447916666666667 0.0234375 0.03125
14 0.45859375 0.41041666666666665 0.0296875 0.041666666666666664
30 0.62578125 0.640625 0.0390625 0.052083333333333336
7 0.21875 0.6895833333333333 0.046875 0.058333333333333334
2 0.04609375 0.5354166666666667 0.0484375 0.05416666666666667
18 0.1765625 0.51875 0.025 0.029166666666666667
8 0.40625 0.63125 0.034375 0.04583333333333333
11 0.3328125 0.5270833333333333 0.05625 0.075
25 0.48828125 0.4479166666666667 0.0203125 0.029166666666666667
28 0.412546875 0.5697916666666667 0.0203125 0.027083333333333334
15 0.2796875 0.440625 0.025 0.03125
23 0.38359375 0.5520833333333334 0.0265625 0.03333333333333333
50 0.503125 0.6833333333333333 0.021875 0.029166666666666667
26 0.48984375 0.4947916666666667 0.0203125 0.027083333333333334
49 0.28828125 0.978125 0.0640625 0.03958333333333333
34 0.02109375 0.7979166666666667 0.0421875 0.05416666666666667
49 0.296921875 0.5411874999999999 0.013234375000000001 0.04625
49 0.28926562499999997 0.527 0.013125000000000001 0.028458333333333332