47 0.53515625 0.271875 0.0203125 0.029166666666666667
45 0.3265625 0.175 0.05 0.07291666666666667
1 0.653125 0.3375 0.0328125 0.04375
39 0.3796875 0.5385416666666667 0.0234375 0.029166666666666667
35 0.434375 0.5302083333333333 0.0234375 0.03333333333333333
20 0.50234375 0.20729166666666668 0.034375 0.04375
42 0.3078125 0.44479166666666664 0.0265625 0.03333333333333333
40 0.490625 0.4875 0.021875 0.029166666666666667
6 0.53671875 0.446875 0.021875 0.029166666666666667
0 0.53203125 0.371875 0.0328125 0.041666666666666664
19 0.62421875 0.18645833333333334 0.040625 0.058333333333333334
48 0.35078125 0.23645833333333333 0.0265625 0.0375
46 0.27890625 0.36354166666666665 0.0328125 0.041666666666666664
43 0.0625 0.140625 0.04375 0.05625
41 0.40703125 0.46875 0.025 0.03333333333333333
44 0.12734375 0.27291666666666664 0.0328125 0.041666666666666664
34 0.88359375 0.5510416666666667 0.0375 0.04583333333333333
5 0.46640625 0.40520833333333334 0.0203125 0.029166666666666667
38 0.6796875 0.540625 0.0234375 0.03125
9 0.64375 0.5541666666666667 0.05 0.06666666666666667
37 0.5890625 0.55 0.0203125 0.029166666666666667
33 0.65078125 0.71875 0.059375 0.07916666666666666
17 0.728125 0.3072916666666667 0.0234375 0.03333333333333333
3 0.85546875 0.3177083333333333 0.0546875 0.06666666666666667
10 0.634375 0.4510416666666667 0.05 0.06875
49 0.98203125 0.3177083333333333 0.0359375 0.06041666666666667
36 0.6296875 0.49583333333333335 0.025 0.03125