3 0.73203125 0.5 0.046875 0.0625
4 0.9734375 0.3614583333333333 0.0484375 0.07291666666666667
2 0.8390625 0.490625 0.04375 0.052083333333333336
34 0.77578125 0.7114583333333333 0.0359375 0.04375
45 0.21640625 0.3927083333333333 0.05625 0.07083333333333333
19 0.51328125 0.390625 0.0359375 0.052083333333333336
18 0.9359375 0.5 0.03125 0.0375
49 0.99296875 0.7052083333333333 0.0140625 0.05625
20 0.39375 0.415625 0.0328125 0.04375
46 0.1515625 0.5854166666666667 0.0359375 0.04583333333333333
1 0.54453125 0.528125 0.0296875 0.041666666666666664
10 0.5453125 0.6479166666666667 0.0515625 0.07083333333333333
42 0.1828125 0.6708333333333333 0.0328125 0.03958333333333333
48 0.2328125 0.4479166666666667 0.0296875 0.0375
17 0.609375 0.49375 0.021875 0.03333333333333333
0 0.428125 0.5708333333333333 0.0296875 0.041666666666666664
9 0.56171875 0.7520833333333333 0.05 0.07083333333333333
35 0.328125 0.746875 0.028125 0.03958333333333333
37 0.4921875 0.7458333333333333 0.021875 0.029166666666666667
6 0.43203125 0.6447916666666667 0.0234375 0.03125
49 0.58359375 0.7239583333333334 0.0234375 0.03125
50 0.46171875 0.671875 0.028125 0.0375
40 0.38671875 0.6927083333333334 0.025 0.03333333333333333
39 0.26328125 0.7645833333333333 0.0234375 0.035416666666666666
41 0.296875 0.684375 0.0296875 0.0375
5 0.3578125 0.6104166666666667 0.021875 0.03125
33 0.59140625 0.9385416666666667 0.0640625 0.09583333333333334
47 0.4203125 0.4708333333333333 0.0203125 0.029166666666666667
49 0.5296875 0.684375 0.0234375 0.03333333333333333