21 0.275 0.29270833333333335 0.05 0.06875
32 0.4953125 0.9416666666666667 0.078125 0.1125
27 0.6046875 0.7020833333333333 0.025 0.03333333333333333
30 0.69765625 0.7166666666666667 0.0421875 0.058333333333333334
8 0.47109375 0.6645833333333333 0.0328125 0.04583333333333333
12 0.41015625 0.6333333333333333 0.0578125 0.07916666666666666
4 0.2484375 0.3927083333333333 0.046875 0.06041666666666667
15 0.36640625 0.4552083333333333 0.0234375 0.03125
14 0.5421875 0.45416666666666666 0.028125 0.041666666666666664
18 0.26171875 0.5144375 0.0234375 0.03125
25 0.56640625 0.49375 0.0203125 0.029166666666666667
29 0.68359375 0.8864583333333333 0.0453125 0.06458333333333334
24 0.75234375 0.4125 0.0296875 0.0375
11 0.41328125 0.5510416666666667 0.0546875 0.07291666666666667
7 0.2875 0.6885416666666667 0.04375 0.05625
2 0.14765625 0.5125 0.0421875 0.05416666666666667
22 0.7359375 0.34047916666666667 0.03125 0.041666666666666664
28 0.48046875 0.603125 0.0203125 0.027083333333333334
23 0.453125 0.5791666666666667 0.025 0.03333333333333333
34 0.0953125 0.7552083333333334 0.040625 0.04791666666666667
26 0.56328125 0.540625 0.0390625 0.052083333333333336
49 0.0171875 0.5291666666666667 0.034375 0.06666666666666667
49 0.328125 0.9864583333333333 0.05 0.022916666666666665
50 0.5765625 0.5989583333333334 0.01875 0.027083333333333334
13 0.377703125 0.5555 0.017625 0.044708333333333336
49 0.363640625 0.54575 0.008515625 0.0415