3 0.73203125 0.5052083333333334 0.0453125 0.06041666666666667
4 0.975 0.3729166666666667 0.046875 0.07083333333333333
2 0.8390625 0.49895833333333334 0.04375 0.052083333333333336
34 0.77265625 0.7177083333333333 0.0359375 0.04375
45 0.21796875 0.38645833333333335 0.0546875 0.06875
19 0.51484375 0.390625 0.0359375 0.052083333333333336
18 0.9359375 0.5104166666666666 0.03125 0.0375
49 0.990625 0.7177083333333333 0.015625 0.05625
20 0.39453125 0.41354166666666664 0.0328125 0.04375
46 0.15078125 0.5770833333333333 0.0359375 0.04583333333333333
1 0.54453125 0.5291666666666667 0.0296875 0.041666666666666664
10 0.54375 0.6489583333333333 0.05 0.06875
42 0.18046875 0.6635416666666667 0.0328125 0.03958333333333333
48 0.23359375 0.44166666666666665 0.0296875 0.0375
17 0.609375 0.49583333333333335 0.021875 0.03333333333333333
0 0.42734375 0.56875 0.0296875 0.041666666666666664
9 0.55859375 0.753125 0.0484375 0.06875
35 0.325 0.7427083333333333 0.028125 0.03958333333333333
37 0.4890625 0.7458333333333333 0.021875 0.029166666666666667
6 0.43046875 0.6427083333333333 0.0234375 0.03125
49 0.58046875 0.7260416666666667 0.0234375 0.03125
50 0.459375 0.6708333333333333 0.028125 0.0375
40 0.384375 0.6895833333333333 0.025 0.03333333333333333
39 0.26015625 0.759375 0.0234375 0.035416666666666666
41 0.29453125 0.6791666666666667 0.0296875 0.0375
5 0.35625 0.6072916666666667 0.021875 0.03125
33 0.5859375 0.940625 0.0625 0.09375
47 0.42109375 0.46875 0.0203125 0.029166666666666667
49 0.52734375 0.6854166666666667 0.0234375 0.03333333333333333