32 0.42109375 0.8802083333333334 0.0828125 0.11666666666666667
22 0.6484375 0.290625 0.03125 0.041666666666666664
21 0.175 0.24479166666666666 0.0609375 0.07708333333333334
24 0.66640625 0.36041666666666666 0.03125 0.041666666666666664
4 0.1515625 0.35208333333333336 0.05625 0.07083333333333333
12 0.3296875 0.5895833333333333 0.0640625 0.08333333333333333
29 0.6046875 0.8166666666666667 0.04375 0.06041666666666667
27 0.53359375 0.6489583333333333 0.025 0.03333333333333333
14 0.46484375 0.40625 0.0328125 0.04583333333333333
30 0.61640625 0.6552083333333333 0.0421875 0.05625
7 0.2078125 0.65625 0.05 0.06458333333333334
2 0.0453125 0.4822916666666667 0.0515625 0.06041666666666667
18 0.1765625 0.48125 0.0265625 0.03125
8 0.39765625 0.6197916666666666 0.0375 0.05
11 0.33203125 0.5072916666666667 0.0609375 0.08125
25 0.49140625 0.446875 0.021875 0.03125
28 0.40859375 0.559375 0.021875 0.029166666666666667
15 0.284375 0.415625 0.0265625 0.03333333333333333
23 0.38046875 0.5385416666666667 0.028125 0.035416666666666666
50 0.49140625 0.6833333333333333 0.0234375 0.03125
26 0.48984375 0.49375 0.021875 0.029166666666666667
49 0.2578125 0.9520833333333333 0.065625 0.04791666666666667
34 0.0125 0.7395833333333334 0.025 0.058333333333333334
49 0.2953125 0.5177083333333333 0.015625 0.04791666666666667
49 0.28828125 0.5020833333333333 0.015625 0.029166666666666667