43 0.346875 0.4125 0.034375 0.04583333333333333
46 0.60625 0.471875 0.05 0.06875
19 0.91640625 0.528125 0.0515625 0.06041666666666667
42 0.4984375 0.7302083333333333 0.05 0.07291666666666667
20 0.750890625 0.53125 0.0375 0.05
44 0.364515625 0.5318541666666666 0.029015625 0.0386875
46 0.49474999999999997 0.6471666666666667 0.0328125 0.04375
1 0.92265625 0.7020833333333333 0.0421875 0.05
41 0.6015625 0.7854166666666667 0.028125 0.041666666666666664
48 0.5703125 0.5333333333333333 0.028125 0.0375
40 0.6890625 0.8293125 0.028125 0.03720833333333333
10 0.9671875 0.8604166666666667 0.0625 0.09583333333333334
37 0.803125 0.9385416666666667 0.028125 0.03958333333333333
35 0.6234375 0.8625 0.028125 0.041666666666666664
6 0.74375 0.7938958333333334 0.028125 0.03720833333333333
49 0.971875 0.9770833333333333 0.053125 0.041666666666666664
5 0.66328125 0.7270833333333333 0.0234375 0.03333333333333333
49 0.990625 0.6791666666666667 0.015625 0.0375
36 0.87421875 0.8854166666666666 0.0359375 0.04583333333333333
0 0.76640625 0.709375 0.0359375 0.04791666666666667
38 0.9348281249999999 0.9644375000000001 0.033484375 0.04554166666666667
47 0.746984375 0.5986666666666667 0.0234375 0.0300625
39 0.554125 0.8554999999999999 0.0234375 0.035416666666666666