21 0.22109375 0.22291666666666668 0.0546875 0.07083333333333333
22 0.67578125 0.2375 0.0296875 0.041666666666666664
4 0.199640625 0.32860416666666664 0.050734375 0.06139583333333333
7 0.2640625 0.6213958333333333 0.04375 0.0530625
2 0.09921875 0.4625 0.0453125 0.05416666666666667
24 0.69453125 0.3083958333333333 0.0296875 0.03735416666666667
14 0.49573437499999995 0.3672916666666667 0.030421874999999998 0.04041666666666666
29 0.65078125 0.7563124999999999 0.0421875 0.05402083333333333
30 0.65703125 0.5995833333333334 0.0390625 0.04889583333333333
34 0.069640625 0.7125625 0.0421875 0.0456875
32 0.49453125 0.815625 0.0703125 0.09791666666666667
8 0.4390625 0.5770833333333333 0.034375 0.04583333333333333
15 0.314109375 0.3838958333333334 0.021765625 0.03222916666666667
38 0.21296875 0.45687500000000003 0.027390625000000002 0.030145833333333334
31 0.336359375 0.9193125 0.058546875 0.08639583333333332
12 0.389484375 0.5516041666666667 0.055421874999999995 0.07597916666666667
27 0.56484375 0.6 0.0234375 0.03333333333333333
49 0.3234375 0.4708333333333333 0.01875 0.03333333333333333
50 0.55 0.5120833333333333 0.028125 0.034166666666666665
25 0.51640625 0.4041666666666667 0.0203125 0.0269375
23 0.41328125 0.49895833333333334 0.0234375 0.035416666666666666
28 0.43828125 0.5197916666666667 0.0203125 0.027083333333333334
26 0.5140625 0.45056250000000003 0.01875 0.0280625
11 0.385203125 0.4708333333333333 0.051453125 0.07083333333333333
13 0.34453125 0.4791666666666667 0.0328125 0.05