43 0.25234375 0.3104166666666667 0.0359375 0.04583333333333333
45 0.48515625 0.33229166666666665 0.0453125 0.06458333333333334
19 0.77265625 0.32708333333333334 0.0421875 0.05416666666666667
20 0.64140625 0.353125 0.0328125 0.04375
44 0.29140625 0.4166666666666667 0.0265625 0.03333333333333333
46 0.421875 0.5 0.03125 0.0375
1 0.8 0.47604166666666664 0.034375 0.04375
17 0.8796875 0.4427083333333333 0.03125 0.035416666666666666
10 0.79765625 0.6010416666666667 0.0578125 0.07291666666666667
42 0.4421875 0.5760416666666667 0.025 0.03125
48 0.48984375 0.38125 0.0265625 0.03333333333333333
9 0.809375 0.7104166666666667 0.05625 0.07083333333333333
5 0.5953125 0.5416666666666666 0.021875 0.029166666666666667
0 0.66875 0.509375 0.03125 0.03958333333333333
6 0.66796875 0.584375 0.0234375 0.03125
35 0.5640625 0.665625 0.025 0.035416666666666666
49 0.834375 0.690625 0.025 0.035416666666666666
40 0.621875 0.625 0.025 0.03333333333333333
41 0.53828125 0.6041666666666666 0.0234375 0.03333333333333333
37 0.72734375 0.6958333333333333 0.0234375 0.03333333333333333
39 0.50703125 0.671875 0.0203125 0.03125
49 0.77421875 0.6385416666666667 0.0296875 0.035416666666666666
47 0.66328125 0.4083333333333333 0.0203125 0.029166666666666667
33 0.836140625 0.9061458333333333 0.07421875 0.0971875