31 0.778125 0.7395833333333334 0.065625 0.08333333333333333
19 0.2125 0.28958333333333336 0.04375 0.058333333333333334
4 0.62890625 0.16041666666666668 0.0453125 0.0625
18 0.632484375 0.29450000000000004 0.024328125 0.0324375
13 0.77734375 0.2947916666666667 0.0390625 0.052083333333333336
2 0.54609375 0.3072916666666667 0.0359375 0.04791666666666667
7 0.69375 0.4479166666666667 0.040625 0.05416666666666667
34 0.53046875 0.521875 0.0296875 0.03958333333333333
20 0.078125 0.35520833333333335 0.04375 0.052083333333333336
1 0.28828125 0.4270833333333333 0.0328125 0.041666666666666664
6 0.196875 0.5872083333333333 0.028578125 0.034520833333333334
0 0.165625 0.5125 0.034375 0.04583333333333333
50 0.621875 0.7604166666666666 0.03125 0.041666666666666664
16 0.7453125 0.2947916666666667 0.021875 0.03125
3 0.4515625 0.34270833333333334 0.040625 0.05625
9 0.331359375 0.6361666666666667 0.04978125 0.0651875
15 0.734265625 0.20164583333333336 0.0265625 0.034229166666666665
17 0.35234375 0.37083333333333335 0.0234375 0.03333333333333333
10 0.29296875 0.5447916666666667 0.0515625 0.06875
33 0.37890625 0.790625 0.0578125 0.08125
21 0.64921875 0.03854166666666667 0.0515625 0.07708333333333334
37 0.28717187499999997 0.6604166666666667 0.022546875 0.029166666666666667
35 0.096984375 0.7397291666666667 0.03415625 0.03958333333333333
40 0.15592187500000002 0.6574375 0.030578125 0.0375
38 0.37109375 0.603125 0.0234375 0.035416666666666666
47 0.1421875 0.40729166666666666 0.025 0.03125
5 0.1 0.5822916666666667 0.028125 0.035416666666666666
8 0.891515625 0.4047708333333333 0.04553125 0.052375
41 0.0375 0.690625 0.0375 0.04375
39 0.023890625 0.7918125 0.033484375 0.03720833333333333
14 0.97734375 0.12291666666666666 0.0421875 0.058333333333333334
36 0.309375 0.5864583333333333 0.028125 0.035416666666666666
49 0.88359375 0.3385416666666667 0.0265625 0.03125
49 0.9671875 0.6729166666666667 0.0625 0.1125
49 0.85234375 0.31354166666666666 0.0328125 0.027083333333333334
49 0.990625 0.2375 0.015625 0.03333333333333333
49 0.9946406250000001 0.17439583333333333 0.01071875 0.0363125
11 0.83515625 0.27395833333333336 0.0671875 0.08541666666666667
12 0.84175 0.36472916666666666 0.070984375 0.08304166666666667