43 0.08125 0.21875 0.04375 0.05416666666666667
3 0.8903125 0.32297916666666665 0.05375 0.06235416666666667
45 0.35 0.22922916666666668 0.05 0.06652083333333333
44 0.14296875 0.33958333333333335 0.0328125 0.0375
20 0.5171875 0.24375 0.034375 0.04583333333333333
34 0.922296875 0.5538124999999999 0.041453125 0.04708333333333334
46 0.29921875 0.4166666666666667 0.0328125 0.041666666666666664
48 0.3625 0.28541666666666665 0.028125 0.0375
17 0.74375 0.31875 0.025 0.03333333333333333
19 0.64296875 0.209375 0.0390625 0.05625
1 0.67421875 0.35833333333333334 0.0328125 0.041666666666666664
10 0.67421875 0.478125 0.0515625 0.06875
42 0.32890625 0.49375 0.0265625 0.03333333333333333
0 0.553171875 0.4016041666666667 0.031359375 0.0406875
33 0.7140625 0.7520833333333333 0.0625 0.08333333333333333
50 0.58125 0.47604166666666664 0.025 0.035416666666666666
37 0.61484375 0.575 0.0203125 0.029166666666666667
35 0.459375 0.5688124999999999 0.025 0.0331875
39 0.40239062499999995 0.5829166666666666 0.021875 0.0280625
40 0.51171875 0.5197916666666667 0.0234375 0.03125
47 0.543796875 0.30214583333333334 0.0203125 0.029020833333333333
6 0.55546875 0.475 0.0234375 0.029166666666666667
5 0.48395312500000004 0.44285416666666666 0.022703124999999998 0.0268125
41 0.42926562500000004 0.5110416666666667 0.025828125 0.03208333333333333
49 0.70859375 0.5552083333333333 0.0203125 0.027083333333333334
36 0.6546875 0.515625 0.025 0.035416666666666666
9 0.688703125 0.5802708333333333 0.050734375 0.0644375