43 0.2359375 0.31979166666666664 0.034375 0.04375
20 0.62421875 0.3645833333333333 0.0328125 0.04583333333333333
45 0.46953125 0.3416666666666667 0.0453125 0.0625
19 0.7546875 0.33958333333333335 0.040625 0.05416666666666667
44 0.275390625 0.42864583333333334 0.02890625 0.036458333333333336
10 0.7796875 0.6104166666666667 0.05625 0.07083333333333333
0 0.653125 0.51875 0.03125 0.041666666666666664
9 0.7921875 0.71875 0.05625 0.07083333333333333
1 0.78203125 0.4864583333333333 0.0328125 0.04375
17 0.86015625 0.453125 0.0296875 0.035416666666666666
46 0.4078125 0.5104166666666666 0.028125 0.041666666666666664
6 0.65234375 0.59375 0.0234375 0.03333333333333333
42 0.428125 0.5854166666666667 0.025 0.03333333333333333
48 0.475 0.39166666666666666 0.028125 0.03333333333333333
35 0.550921875 0.6768958333333334 0.02684375 0.037125
40 0.60703125 0.634375 0.0234375 0.03125
37 0.71171875 0.7041666666666667 0.0234375 0.03333333333333333
39 0.4921875 0.68125 0.021875 0.029166666666666667
49 0.815625 0.6989583333333333 0.025 0.035416666666666666
5 0.58125 0.5510416666666667 0.021875 0.03125
41 0.5234375 0.6135416666666667 0.025 0.035416666666666666
33 0.81640625 0.9125 0.0703125 0.09583333333333334
47 0.6484375 0.41875 0.021875 0.029166666666666667
49 0.75703125 0.646875 0.0296875 0.035416666666666666