43 0.1984375 0.33618750000000003 0.0375 0.04375
45 0.43515625 0.365625 0.0453125 0.06458333333333334
3 0.9703125 0.48854166666666665 0.05625 0.06458333333333334
19 0.71640625 0.3625 0.0390625 0.05416666666666667
46 0.37421875 0.53 0.0296875 0.041666666666666664
44 0.2390625 0.4500625 0.028125 0.035416666666666666
10 0.74140625 0.628125 0.0546875 0.06875
49 0.9921875 0.34375 0.0125 0.04583333333333333
42 0.39609375 0.609375 0.0234375 0.035416666666666666
9 0.75546875 0.734375 0.0515625 0.06875
0 0.618703125 0.5363125 0.0296875 0.03958333333333333
1 0.74453125 0.50625 0.0328125 0.041666666666666664
48 0.44140625 0.41354166666666664 0.0265625 0.035416666666666666
20 0.58984375 0.38645833333333335 0.0328125 0.04375
17 0.81875 0.47291666666666665 0.028125 0.03333333333333333
37 0.67890625 0.721875 0.0234375 0.03125
49 0.7796875 0.7135416666666666 0.025 0.03125
6 0.6203125 0.6145833333333334 0.025 0.03333333333333333
41 0.4921875 0.6354166666666666 0.025 0.03333333333333333
39 0.4609375 0.7041666666666667 0.021875 0.029166666666666667
35 0.51875 0.696875 0.025 0.035416666666666666
40 0.57421875 0.6520833333333333 0.0234375 0.029166666666666667
5 0.5484375 0.5729166666666666 0.021875 0.029166666666666667
47 0.61484375 0.440625 0.0203125 0.027083333333333334
36 0.72265625 0.6645833333333333 0.0265625 0.03333333333333333
33 0.78046875 0.925 0.0703125 0.09583333333333334
49 0.99609375 0.73125 0.0046875 0.025