3 0.0828125 0.471875 0.05625 0.06458333333333334
21 0.3171875 0.2188125 0.05 0.06875
22 0.7731250000000001 0.2161875 0.033546875 0.042645833333333334
24 0.790625 0.28854166666666664 0.03125 0.03958333333333333
4 0.297296875 0.32035416666666666 0.046046875 0.0593125
30 0.74609375 0.5927083333333333 0.0421875 0.052083333333333336
7 0.35390625 0.5978541666666667 0.0390625 0.05625
29 0.736765625 0.7516041666666666 0.045421875 0.0593125
2 0.207859375 0.44479166666666664 0.040734375 0.04791666666666667
14 0.5796875 0.35208333333333336 0.03125 0.041666666666666664
32 0.57578125 0.8010416666666667 0.0703125 0.09791666666666667
50 0.64609375 0.478125 0.0296875 0.03958333333333333
15 0.40234375 0.37083333333333335 0.0234375 0.03333333333333333
8 0.521921875 0.5641666666666667 0.031140624999999998 0.042499999999999996
34 0.179734375 0.6766666666666666 0.0359375 0.0469375
18 0.30546875 0.440625 0.0234375 0.03125
31 0.4203125 0.8875 0.05625 0.08333333333333333
12 0.47421875 0.5333333333333333 0.0546875 0.07083333333333333
25 0.60078125 0.38958333333333334 0.0203125 0.029166666666666667
28 0.5203125 0.5051458333333333 0.01875 0.029166666666666667
49 0.4109375 0.45410416666666664 0.01875 0.03125
27 0.6484375 0.5895833333333333 0.025 0.03333333333333333
26 0.59921875 0.43652083333333336 0.0203125 0.0269375
49 0.49609375 0.484375 0.0234375 0.035416666666666666
14 0.43046875 0.4624375 0.0328125 0.04791666666666667
11 0.46953125 0.45625 0.0515625 0.07083333333333333