26 0.7359375 0.5885416666666666 0.021875 0.03125
14 0.78671875 0.5135416666666667 0.034375 0.04583333333333333
4 0.59140625 0.29583333333333334 0.046875 0.06458333333333334
11 0.70625 0.546875 0.059375 0.07708333333333334
1 0.1296875 0.171875 0.0453125 0.06041666666666667
28 0.63828125 0.5885416666666666 0.021875 0.029166666666666667
13 0.62109375 0.503125 0.0359375 0.04791666666666667
7 0.51328125 0.5666666666666667 0.0421875 0.05625
16 0.57265625 0.46770833333333334 0.025 0.03125
8 0.64765625 0.653125 0.0328125 0.04583333333333333
30 0.86328125 0.8708333333333333 0.0515625 0.06666666666666667
3 0.3671875 0.28020833333333334 0.0484375 0.06666666666666667
25 0.76171875 0.5520833333333334 0.025 0.03333333333333333
18 0.49296875 0.38125 0.025 0.03125
15 0.6 0.390625 0.025 0.035416666666666666
34 0.32265625 0.49375 0.0328125 0.04375
27 0.72421875 0.765625 0.0265625 0.03333333333333333
2 0.44609375 0.33125 0.0390625 0.05
17 0.21328125 0.184375 0.03125 0.04375
31 0.49609375 0.8802083333333334 0.0640625 0.08958333333333333
21 0.66171875 0.228125 0.0515625 0.07083333333333333
10 0.1203125 0.31666666666666665 0.0765625 0.09583333333333334
33 0.0984375 0.659375 0.090625 0.11041666666666666
9 0.10390625 0.440625 0.0734375 0.08958333333333333
23 0.6390625 0.5572916666666666 0.0265625 0.0375
36 0.04921875 0.34270833333333334 0.04375 0.04791666666666667
50 0.23203125 0.6666666666666666 0.034375 0.04375
49 0.9953125 0.625 0.009375 0.041666666666666664
49 0.70078125 0.9375 0.078125 0.0875
12 0.68515625 0.621875 0.0640625 0.0875