43 0.12578125 0.36354166666666665 0.0390625 0.04791666666666667
3 0.8875 0.503125 0.053125 0.06041666666666667
45 0.372296875 0.38958333333333334 0.046875 0.0625
44 0.17109375 0.478125 0.0328125 0.03958333333333333
20 0.53046875 0.4083333333333333 0.0328125 0.041666666666666664
50 0.94765625 0.378125 0.0453125 0.052083333333333336
34 0.93515625 0.7375 0.0421875 0.05
19 0.64921875 0.38645833333333335 0.0390625 0.052083333333333336
46 0.3140625 0.5604166666666667 0.03125 0.041666666666666664
42 0.33671875 0.6364583333333333 0.0265625 0.035416666666666666
10 0.6765625 0.6447916666666667 0.05 0.06875
9 0.69140625 0.7489583333333333 0.0515625 0.06875
1 0.68046875 0.525 0.0296875 0.041666666666666664
17 0.75078125 0.49166666666666664 0.0265625 0.03333333333333333
40 0.51953125 0.6760416666666667 0.0234375 0.03125
35 0.4625 0.721875 0.025 0.035416666666666666
48 0.38359375 0.4375 0.0265625 0.03333333333333333
39 0.40625 0.7322916666666667 0.021875 0.03125
6 0.56328125 0.6333333333333333 0.0234375 0.03333333333333333
37 0.621875 0.740625 0.021875 0.03125
0 0.5609375 0.5604166666666667 0.028125 0.041666666666666664
41 0.4359375 0.659375 0.025 0.035416666666666666
49 0.71796875 0.728125 0.0234375 0.035416666666666666
33 0.715625 0.9364583333333333 0.065625 0.09375
5 0.49296875 0.5947916666666667 0.0203125 0.03125
39 0.55625 0.4625 0.01875 0.029166666666666667
49 0.66328125 0.68125 0.0265625 0.03333333333333333
49 0.9953125 0.4979166666666667 0.00625 0.03333333333333333