48 0.29453125 0.3416666666666667 0.0265625 0.0375
1 0.5875 0.440625 0.028125 0.03958333333333333
45 0.2671875 0.28541666666666665 0.05 0.06666666666666667
47 0.47734375 0.37604166666666666 0.0203125 0.027083333333333334
39 0.319953125 0.6402083333333334 0.022609375 0.030145833333333334
20 0.4421875 0.3177083333333333 0.032921875 0.04375
35 0.375 0.6291666666666667 0.025 0.03333333333333333
19 0.55625 0.30062500000000003 0.0375 0.048749999999999995
46 0.21796875 0.4625 0.0328125 0.041666666666666664
0 0.471875 0.4708333333333333 0.028125 0.0375
41 0.34765625 0.5688124999999999 0.0265625 0.0331875
40 0.43359375 0.584375 0.0203125 0.03125
6 0.47890625 0.5447916666666667 0.0234375 0.03125
42 0.24609375 0.5447916666666667 0.0265625 0.035416666666666666
38 0.6203125 0.6354166666666666 0.021875 0.029166666666666667
17 0.659375 0.4114583333333333 0.021875 0.03125
3 0.76640625 0.42291666666666666 0.0453125 0.058333333333333334
9 0.5765625 0.6489583333333333 0.046875 0.06458333333333334
34 0.8078125 0.640625 0.034375 0.04375
33 0.584375 0.8125 0.05625 0.07916666666666666
5 0.40973437500000004 0.5063125 0.021140625 0.029020833333333333
10 0.565625 0.5489583333333333 0.046875 0.06458333333333334
44 0.0609375 0.371875 0.034375 0.03958333333333333
2 0.8875 0.421875 0.04375 0.052083333333333336
37 0.53359375 0.646875 0.0203125 0.027083333333333334
36 0.5703125 0.5916666666666667 0.025 0.029166666666666667
49 0.0125 0.24479166666666666 0.025 0.052083333333333336
49 0.99609375 0.44583333333333336 0.0046875 0.03333333333333333