4 0.1390625 0.365625 0.0578125 0.06875
21 0.16875 0.259375 0.0609375 0.075
29 0.58359375 0.8364583333333333 0.0453125 0.06458333333333334
7 0.1875 0.6729166666666667 0.0515625 0.06458333333333334
24 0.64453125 0.39166666666666666 0.028125 0.041666666666666664
30 0.596875 0.6791666666666667 0.040625 0.05625
32 0.41171875 0.9010416666666666 0.08125 0.11458333333333333
2 0.02421875 0.490625 0.0484375 0.06041666666666667
14 0.44765625 0.43020833333333336 0.0328125 0.041666666666666664
27 0.509375 0.671875 0.0484375 0.06458333333333334
12 0.32109375 0.609375 0.0625 0.08125
8 0.378125 0.6395833333333333 0.0359375 0.04375
49 0.23984375 0.9645833333333333 0.059375 0.027083333333333334
18 0.15078125 0.4947916666666667 0.03125 0.0375
22 0.6296875 0.32395833333333335 0.0296875 0.041666666666666664
25 0.4703125 0.46770833333333334 0.0234375 0.03125
23 0.35859375 0.5552083333333333 0.028125 0.035416666666666666
11 0.321875 0.525 0.059375 0.07916666666666666
13 0.2828125 0.5291666666666667 0.0328125 0.05
28 0.38359375 0.5791666666666667 0.021875 0.03125
26 0.4671875 0.515625 0.021875 0.027083333333333334
50 0.5125 0.721875 0.025 0.03333333333333333
15 0.2640625 0.43020833333333336 0.0265625 0.035416666666666666
49 0.2671875 0.51875 0.0203125 0.03333333333333333