4 0.133265625 0.39910416666666665 0.055359375 0.06429166666666666
21 0.15703125 0.290625 0.0578125 0.06875
29 0.60078125 0.828125 0.0421875 0.06041666666666667
7 0.19765625 0.7010416666666667 0.0484375 0.06041666666666667
24 0.63828125 0.378125 0.0265625 0.03958333333333333
30 0.605921875 0.6693541666666667 0.038171875 0.05297916666666667
32 0.4328125 0.9083333333333333 0.075 0.10833333333333334
2 0.02421875 0.5364583333333334 0.0484375 0.05625
14 0.44420312500000003 0.43512500000000004 0.030359375 0.03810416666666667
27 0.51796875 0.6702291666666667 0.0453125 0.0613125
12 0.327015625 0.6261875 0.058484375 0.07679166666666666
8 0.3859375 0.6501458333333333 0.034375 0.041375
49 0.26484375 0.9875 0.0578125 0.020833333333333332
18 0.15167187499999998 0.5272291666666666 0.0296875 0.035416666666666666
22 0.6203125 0.31206249999999996 0.028125 0.03839583333333333
25 0.46875 0.4708333333333333 0.021875 0.029166666666666667
23 0.36171875 0.56875 0.0265625 0.03333333333333333
11 0.3234375 0.5416666666666666 0.05625 0.075
13 0.28515625 0.5489583333333333 0.0296875 0.04791666666666667
28 0.38828125 0.5895833333333333 0.0203125 0.029166666666666667
26 0.46796875 0.5190416666666666 0.0203125 0.025
50 0.52421875 0.7197916666666667 0.0234375 0.03125
15 0.2609375 0.45208333333333334 0.025 0.03333333333333333
49 0.26875 0.540625 0.01875 0.03125