3 0.52421875 0.5385416666666667 0.0390625 0.052083333333333336
21 0.75390625 0.3458333333333333 0.0484375 0.0625
20 0.18359375 0.428125 0.0390625 0.04791666666666667
4 0.71640625 0.4375 0.0453125 0.058333333333333334
50 0.40078125 0.6677083333333333 0.0453125 0.06041666666666667
7 0.73515625 0.7197916666666667 0.0421875 0.05625
19 0.3203125 0.41770833333333335 0.0375 0.052083333333333336
2 0.609375 0.5375 0.034375 0.04583333333333333
34 0.55078125 0.7364583333333333 0.0296875 0.03958333333333333
10 0.34921875 0.6729166666666667 0.0515625 0.07083333333333333
11 0.90546875 0.6052083333333333 0.0671875 0.07708333333333334
9 0.36015625 0.7761875 0.0484375 0.06431250000000001
1 0.344578125 0.5583333333333333 0.03125 0.041666666666666664
40 0.1546875 0.7322916666666667 0.03125 0.03958333333333333
13 0.8296875 0.603125 0.040625 0.04791666666666667
6 0.2109375 0.6791666666666667 0.028125 0.0375
8 0.930515625 0.7447916666666666 0.046875 0.04791666666666667
17 0.40625 0.528125 0.021875 0.03125
15 0.7890625 0.5020833333333333 0.025 0.03333333333333333
16 0.78984375 0.5916666666666667 0.0265625 0.03333333333333333
0 0.215625 0.5947916666666667 0.034375 0.04375
37 0.2734375 0.7853541666666667 0.025 0.03125
18 0.68046875 0.5520833333333334 0.0234375 0.029166666666666667
49 0.00546875 0.378125 0.0109375 0.05625
35 0.07734375 0.7947291666666667 0.0359375 0.041666666666666664
36 0.3203125 0.7177083333333333 0.028125 0.035416666666666666
43 0.20546875 0.49166666666666664 0.0234375 0.029166666666666667
41 0.0421875 0.7239583333333334 0.0375 0.04375
5 0.121875 0.640625 0.028125 0.035416666666666666
49 0.89140625 0.6447916666666667 0.0296875 0.027083333333333334
49 0.003125 0.8177083333333334 0.00625 0.027083333333333334
33 0.38671875 0.9510416666666667 0.0609375 0.08958333333333333
12 0.90625 0.6916666666666667 0.071875 0.08333333333333333
49 0.377703125 0.7473124999999999 0.015421874999999998 0.013520833333333334