3 0.3859375 0.5197916666666667 0.0453125 0.058333333333333334
21 0.5953125 0.30416666666666664 0.046875 0.06458333333333334
31 0.67421875 0.9479166666666666 0.0609375 0.06875
4 0.5671875 0.3958333333333333 0.04375 0.058333333333333334
27 0.90546875 0.7083333333333334 0.0296875 0.03958333333333333
14 0.83828125 0.43854166666666666 0.040625 0.04791666666666667
9 0.2265625 0.7947916666666667 0.0625 0.07916666666666666
34 0.42890625 0.7114583333333333 0.0328125 0.041666666666666664
32 0.86953125 0.9010416666666666 0.090625 0.12083333333333333
2 0.471875 0.5072916666666667 0.0375 0.05
10 0.20390625 0.6885416666666667 0.0625 0.07916666666666666
17 0.26171875 0.5260416666666666 0.0265625 0.035416666666666666
0 0.0390625 0.6302083333333334 0.0484375 0.05416666666666667
11 0.73984375 0.5322916666666667 0.059375 0.07708333333333334
13 0.67734375 0.5416666666666666 0.0359375 0.05
25 0.85078125 0.4822916666666667 0.0296875 0.03125
37 0.13046875 0.8260416666666667 0.028125 0.0375
1 0.1921875 0.5677083333333334 0.0375 0.05
6 0.04296875 0.725 0.0375 0.04583333333333333
26 0.84453125 0.534375 0.0265625 0.029166666666666667
19 0.15 0.4166666666666667 0.0484375 0.06041666666666667
8 0.765625 0.6541666666666667 0.040625 0.04791666666666667
47 0.01875 0.5166666666666667 0.03125 0.0375
15 0.63515625 0.45208333333333334 0.0234375 0.03333333333333333
36 0.1796875 0.7416666666666667 0.0359375 0.04375
18 0.53984375 0.5125 0.0234375 0.03125
49 0.00390625 0.44479166666666664 0.0078125 0.04791666666666667
16 0.64140625 0.5354166666666667 0.025 0.03125
33 0.26875 0.959375 0.075 0.08125
49 0.72734375 0.5697916666666667 0.0203125 0.027083333333333334
49 0.2453125 0.7635416666666667 0.0171875 0.016666666666666666
49 0.61484375 0.6645833333333333 0.0171875 0.04375
12 0.74453125 0.609375 0.0625 0.08125
50 0.596875 0.6635416666666667 0.0421875 0.05625