14 0.70078125 0.5260416666666666 0.034375 0.04375
4 0.4421875 0.43645833333333334 0.040625 0.05416666666666667
18 0.4203125 0.546875 0.0234375 0.03125
25 0.71328125 0.5666666666666667 0.0234375 0.03125
22 0.91796875 0.43645833333333334 0.0375 0.04791666666666667
30 0.8609375 0.825 0.0515625 0.06458333333333334
13 0.5421875 0.6010416666666667 0.034375 0.04791666666666667
17 0.1109375 0.5114583333333333 0.03125 0.0375
3 0.2375 0.5291666666666667 0.0453125 0.06041666666666667
21 0.478125 0.35104166666666664 0.046875 0.0625
26 0.70546875 0.6145833333333334 0.0234375 0.03125
24 0.93203125 0.5135416666666667 0.0375 0.04375
16 0.51640625 0.584375 0.021875 0.03125
27 0.74296875 0.7895833333333333 0.028125 0.03333333333333333
2 0.340625 0.53125 0.0390625 0.05
8 0.615625 0.721875 0.034375 0.04583333333333333
15 0.51953125 0.5041666666666667 0.0234375 0.03333333333333333
49 0.8359375 0.98125 0.05625 0.0375
38 0.05234375 0.78125 0.0359375 0.04375
11 0.5890625 0.6052083333333333 0.0546875 0.07708333333333334
49 0.61640625 0.6635416666666667 0.01875 0.029166666666666667
34 0.2734375 0.7395833333333334 0.0359375 0.04583333333333333
49 0.66484375 0.96875 0.0796875 0.0625
1 0.01796875 0.5447916666666667 0.0359375 0.052083333333333336
7 0.45234375 0.7135416666666666 0.0859375 0.11458333333333333
49 0.01875 0.8145833333333333 0.0375 0.0875
49 0.59765625 0.64375 0.025 0.022916666666666665
49 0.0140625 0.6885416666666667 0.028125 0.08125
49 0.48359375 0.99375 0.034375 0.010416666666666666
50 0.46640625 0.7145833333333333 0.0359375 0.05
12 0.5859375 0.6833333333333333 0.0578125 0.07916666666666666