14 0.7011406250000001 0.5120208333333334 0.032078125 0.0406875
4 0.43984375 0.440625 0.0390625 0.052083333333333336
18 0.421875 0.5521458333333332 0.021875 0.029312500000000002
25 0.715625 0.5520833333333334 0.021875 0.029166666666666667
22 0.9147968750000001 0.4078541666666667 0.036046875 0.04485416666666667
30 0.8734375 0.7989583333333333 0.05 0.06041666666666667
13 0.54609375 0.5979166666666667 0.0328125 0.04583333333333333
17 0.11171875 0.5385416666666667 0.0296875 0.035416666666666666
3 0.2390625 0.5479166666666667 0.04375 0.058333333333333334
21 0.47265625 0.353125 0.0453125 0.06041666666666667
26 0.709375 0.6 0.021875 0.029166666666666667
24 0.93203125 0.48333333333333334 0.0359375 0.041666666666666664
16 0.51953125 0.5833333333333334 0.0203125 0.029166666666666667
27 0.75390625 0.7725000000000001 0.0265625 0.03222916666666667
2 0.34182812500000004 0.5422291666666667 0.036765625 0.0469375
8 0.62421875 0.7135416666666666 0.0328125 0.04375
15 0.52 0.5027083333333333 0.022703124999999998 0.03235416666666666
49 0.85546875 0.9697916666666667 0.0546875 0.05625
38 0.0640625 0.8125 0.034375 0.041666666666666664
11 0.59296875 0.5989583333333334 0.0515625 0.07291666666666667
49 0.62265625 0.6552083333333333 0.0171875 0.027083333333333334
34 0.2828125 0.7552083333333334 0.034375 0.04375
49 0.68359375 0.9635416666666666 0.0765625 0.06875
1 0.01875 0.5791666666666667 0.0375 0.05
7 0.4609375 0.7166666666666667 0.08125 0.10833333333333334
49 0.025 0.8479166666666667 0.05 0.08333333333333333
49 0.6035468749999999 0.6370833333333333 0.024171875000000002 0.021666666666666667
49 0.0046875 0.7802083333333333 0.009375 0.035416666666666666
49 0.0171875 0.7229166666666667 0.034375 0.07916666666666666
49 0.503125 0.99375 0.034375 0.008333333333333333
50 0.47468750000000004 0.716875 0.034796875 0.0470625
12 0.59296875 0.6770833333333334 0.0546875 0.075