3 0.52109375 0.5416666666666666 0.0421875 0.05625
21 0.76484375 0.38229166666666664 0.053125 0.06875
20 0.190625 0.384375 0.0421875 0.052083333333333336
4 0.7203125 0.46770833333333334 0.05 0.06458333333333334
50 0.38828125 0.653125 0.05 0.06666666666666667
7 0.71640625 0.7510416666666667 0.046875 0.0625
19 0.328125 0.3927083333333333 0.040625 0.05625
2 0.60546875 0.5520833333333334 0.0375 0.05
34 0.53203125 0.7427083333333333 0.0328125 0.04375
10 0.33671875 0.6510416666666666 0.05625 0.07708333333333334
11 0.8953125 0.6614583333333334 0.0734375 0.08541666666666667
9 0.3390625 0.7552083333333334 0.053125 0.07083333333333333
1 0.340625 0.5364583333333334 0.034375 0.04583333333333333
40 0.13828125 0.6833333333333333 0.034375 0.04375
13 0.81953125 0.6489583333333333 0.04375 0.05416666666666667
6 0.1984375 0.6375 0.03125 0.041666666666666664
8 0.90859375 0.803125 0.05 0.05416666666666667
17 0.4046875 0.5145833333333333 0.0234375 0.03333333333333333
15 0.7875 0.5427083333333333 0.028125 0.0375
16 0.78125 0.63125 0.0296875 0.0375
0 0.209375 0.5541666666666667 0.0375 0.04791666666666667
37 0.25234375 0.7520833333333333 0.0265625 0.035416666666666666
18 0.67578125 0.5770833333333333 0.025 0.03125
49 0.01796875 0.309375 0.015625 0.058333333333333334
35 0.05625 0.734375 0.0390625 0.04583333333333333
36 0.30390625 0.6916666666666667 0.03125 0.03958333333333333
43 0.2078125 0.4510416666666667 0.025 0.03125
41 0.02734375 0.659375 0.040625 0.04791666666666667
5 0.11328125 0.5875 0.03125 0.03958333333333333
49 0.878125 0.6989583333333333 0.03125 0.03125
33 0.35234375 0.9322916666666666 0.0671875 0.09791666666666667
12 0.8890625 0.746875 0.078125 0.09375
49 0.359375 0.7291666666666666 0.015625 0.014583333333333334