3 0.38515625 0.50625 0.0421875 0.05416666666666667
21 0.6078125 0.315625 0.04375 0.06041666666666667
31 0.64453125 0.9666666666666667 0.0578125 0.0625
4 0.5734375 0.4041666666666667 0.040625 0.05416666666666667
49 0.9921875 0.9635416666666666 0.0125 0.052083333333333336
27 0.890625 0.7552083333333334 0.028125 0.035416666666666666
14 0.840625 0.478125 0.0375 0.04375
9 0.20859375 0.7614583333333333 0.0578125 0.07291666666666667
34 0.415625 0.7020833333333333 0.03125 0.0375
32 0.8421875 0.9427083333333334 0.084375 0.11041666666666666
2 0.471875 0.5041666666666667 0.034375 0.04583333333333333
10 0.19296875 0.653125 0.0578125 0.07291666666666667
17 0.2609375 0.4979166666666667 0.025 0.03333333333333333
0 0.03203125 0.5759791666666667 0.0453125 0.05
11 0.73671875 0.5604166666666667 0.0546875 0.07083333333333333
13 0.6738593749999999 0.5625625 0.033546875 0.0456875
25 0.850359375 0.5229791666666667 0.027390625000000002 0.029020833333333333
37 0.11015625 0.7822916666666667 0.0265625 0.035416666666666666
1 0.1890625 0.53125 0.034375 0.04583333333333333
6 0.0296875 0.6708333333333333 0.034375 0.041666666666666664
26 0.841046875 0.5740208333333333 0.024171875000000002 0.0269375
19 0.15703125 0.37604166666666666 0.0453125 0.05625
8 0.7546875 0.684375 0.0375 0.04375
47 0.01953125 0.46047916666666666 0.0296875 0.0331875
15 0.6375 0.46770833333333334 0.021875 0.03125
36 0.16484375 0.703125 0.0328125 0.03958333333333333
18 0.5390625 0.5166666666666667 0.021875 0.029166666666666667
49 0.00625 0.3875 0.0125 0.04583333333333333
16 0.63828125 0.5520833333333334 0.0234375 0.029166666666666667
33 0.2390625 0.94375 0.06875 0.09583333333333334
49 0.721875 0.5958333333333333 0.01875 0.025
49 0.22932812500000002 0.7326458333333333 0.016359375000000002 0.015270833333333334
49 0.6035468749999999 0.676875 0.014796875000000001 0.042083333333333334
12 0.73671875 0.6375 0.0578125 0.075
50 0.585984375 0.6739583333333333 0.0390625 0.052083333333333336