3 0.14609375 0.5854166666666667 0.0515625 0.0625
30 0.75859375 0.8895833333333333 0.0421875 0.058333333333333334
21 0.4140625 0.41875 0.04375 0.058333333333333334
4 0.37109375 0.5010416666666667 0.0421875 0.05625
34 0.157921875 0.8195 0.03728125 0.04672916666666667
2 0.25 0.5916666666666667 0.040625 0.05
7 0.36796875 0.7864583333333334 0.0421875 0.05625
14 0.60859375 0.6037291666666668 0.0296875 0.03839583333333333
22 0.796546875 0.5313958333333333 0.031921875 0.03720833333333333
27 0.63671875 0.8635416666666667 0.0234375 0.035416666666666666
11 0.52421875 0.6708333333333333 0.1015625 0.12916666666666668
13 0.45859375 0.6708333333333333 0.0328125 0.04583333333333333
26 0.602125 0.6903333333333334 0.021203125 0.025895833333333333
25 0.611046875 0.6449374999999999 0.022093750000000002 0.03154166666666667
12 0.5215468750000001 0.7532708333333333 0.053796875 0.072625
18 0.321546875 0.6142916666666667 0.024328125 0.03214583333333333
16 0.42076562500000003 0.6574375 0.022765625 0.029166666666666667
15 0.42756249999999996 0.5736666666666667 0.0234375 0.0300625
24 0.8078125 0.6 0.03125 0.0375
8 0.52734375 0.8020833333333334 0.0328125 0.03333333333333333