3 0.03671875 0.6682291666666667 0.0609375 0.06770833333333333
2 0.159765625 0.6671875 0.04296875 0.051041666666666666
30 0.69453125 0.946875 0.0421875 0.06041666666666667
19 0.334375 0.4786458333333333 0.04375 0.059375
4 0.29140625 0.5671875 0.0453125 0.059375
7 0.287890625 0.871875 0.04296875 0.06041666666666667
22 0.72109375 0.5791666666666667 0.0296875 0.0375
34 0.050390625 0.9265625 0.04453125 0.05520833333333333
24 0.73359375 0.6458333333333334 0.0296875 0.0375
27 0.576953125 0.9260416666666667 0.02421875 0.035416666666666666
18 0.2421875 0.6833333333333333 0.025 0.03333333333333333
13 0.387109375 0.7385416666666667 0.03515625 0.04791666666666667
16 0.350390625 0.7260416666666667 0.02421875 0.03333333333333333
11 0.45 0.740625 0.053125 0.07291666666666667
15 0.3546875 0.6354166666666666 0.021875 0.03333333333333333
12 0.44765625 0.8239583333333333 0.0578125 0.08125
50 0.55234375 0.6197916666666666 0.028125 0.035416666666666666
26 0.53671875 0.7479166666666667 0.0203125 0.029166666666666667
10 0.540234375 0.659375 0.02890625 0.03958333333333333
8 0.4609375 0.8697916666666666 0.034375 0.03958333333333333
25 0.54453125 0.7 0.0203125 0.029166666666666667
23 0.4328125 0.7760416666666666 0.021875 0.03125