30 0.72890625 0.9197916666666667 0.0484375 0.06458333333333334
3 0.1546875 0.5145833333333333 0.05625 0.07083333333333333
2 0.25625 0.5385416666666667 0.040625 0.052083333333333336
21 0.43203125 0.396875 0.0484375 0.06458333333333334
22 0.803125 0.5708333333333333 0.0328125 0.041666666666666664
30 0.14609375 0.7479166666666667 0.04375 0.05625
7 0.35234375 0.75 0.0453125 0.058333333333333334
4 0.38203125 0.46979166666666666 0.046875 0.06041666666666667
24 0.8078125 0.6416666666666667 0.034375 0.03958333333333333
27 0.61171875 0.871875 0.0265625 0.03958333333333333
18 0.3234375 0.5708333333333333 0.028125 0.035416666666666666
14 0.6078125 0.6104166666666667 0.03125 0.041666666666666664
12 0.50703125 0.7427083333333333 0.0609375 0.08333333333333333
15 0.4296875 0.55 0.0265625 0.035416666666666666
16 0.4171875 0.6322916666666667 0.025 0.035416666666666666
26 0.59375 0.6958333333333333 0.025 0.03125
50 0.49453125 0.6385416666666667 0.0546875 0.075
25 0.60703125 0.6541666666666667 0.025 0.03125
13 0.453125 0.6520833333333333 0.0390625 0.052083333333333336
49 0.51875 0.6677083333333333 0.0515625 0.07083333333333333
8 0.50859375 0.7916666666666666 0.0359375 0.03958333333333333
23 0.4921875 0.6958333333333333 0.0265625 0.0375
49 0.00234375 0.46145833333333336 0.0046875 0.022916666666666665