3 0.046875 0.7104166666666667 0.0640625 0.07291666666666667
2 0.16953125 0.6979166666666666 0.0453125 0.05416666666666667
30 0.7171875 0.928125 0.0453125 0.06458333333333334
19 0.33359375 0.49375 0.046875 0.0625
4 0.2953125 0.5864583333333333 0.0484375 0.0625
7 0.3078125 0.890625 0.0453125 0.06458333333333334
22 0.725 0.5583333333333333 0.03125 0.03958333333333333
34 0.0734375 0.9677083333333333 0.046875 0.058333333333333334
24 0.740625 0.6239583333333333 0.03125 0.03958333333333333
27 0.59921875 0.9177083333333333 0.0265625 0.0375
18 0.25234375 0.7072916666666667 0.0265625 0.035416666666666666
13 0.4 0.7489583333333333 0.0375 0.052083333333333336
16 0.3625 0.7395833333333334 0.0265625 0.035416666666666666
11 0.4625 0.7447916666666666 0.05625 0.07708333333333334
15 0.3625 0.6489583333333333 0.0234375 0.035416666666666666
12 0.46484375 0.828125 0.0625 0.08541666666666667
50 0.55859375 0.6145833333333334 0.0296875 0.0375
26 0.54921875 0.74375 0.021875 0.03125
10 0.5484375 0.6552083333333333 0.03125 0.041666666666666664
8 0.48046875 0.8729166666666667 0.0359375 0.041666666666666664
25 0.5546875 0.6958333333333333 0.021875 0.03125
23 0.44765625 0.78125 0.0234375 0.03333333333333333