3 0.153125 0.6260416666666667 0.0546875 0.06875
30 0.7828125 0.8583333333333333 0.0453125 0.0625
21 0.409375 0.42916666666666664 0.046875 0.0625
4 0.371875 0.515625 0.0453125 0.06041666666666667
34 0.18046875 0.8583333333333333 0.040625 0.05
2 0.25703125 0.6208333333333333 0.04375 0.05416666666666667
7 0.3875 0.8010416666666667 0.0453125 0.06041666666666667
14 0.61484375 0.590625 0.0328125 0.041666666666666664
22 0.79765625 0.496875 0.034375 0.041666666666666664
27 0.66015625 0.8458333333333333 0.025 0.0375
11 0.53515625 0.6677083333333333 0.109375 0.13958333333333334
13 0.46953125 0.675 0.0359375 0.05
26 0.6140625 0.678125 0.0234375 0.029166666666666667
25 0.6203125 0.63125 0.0234375 0.03333333333333333
12 0.53828125 0.75 0.0578125 0.07916666666666666
18 0.3296875 0.634375 0.0265625 0.035416666666666666
16 0.43125 0.665625 0.025 0.03125
15 0.4328125 0.5822916666666667 0.025 0.03333333333333333
24 0.81328125 0.5635416666666667 0.0328125 0.041666666666666664
8 0.546875 0.7979166666666667 0.034375 0.0375