30 0.765625 0.8797708333333334 0.04375 0.05714583333333333
3 0.15859375 0.5708333333333333 0.0515625 0.0625
2 0.261390625 0.5775208333333333 0.036609375 0.04672916666666667
21 0.4234375 0.4083333333333333 0.04375 0.058333333333333334
22 0.80703125 0.5208333333333334 0.0296875 0.0375
30 0.17120312499999998 0.8034166666666667 0.039281250000000004 0.050291666666666665
7 0.376453125 0.7720208333333333 0.04040625 0.051791666666666666
4 0.38046875 0.4895833333333333 0.0421875 0.05416666666666667
24 0.818421875 0.5907708333333334 0.031921875 0.035124999999999997
27 0.64453125 0.8510416666666667 0.0234375 0.035416666666666666
18 0.330921875 0.5989583333333334 0.026109375 0.03125
14 0.616859375 0.5916666666666667 0.028796875 0.0375
12 0.52890625 0.7395833333333334 0.0546875 0.075
15 0.43515625 0.5614583333333333 0.0234375 0.03125
16 0.4296875 0.6447916666666667 0.021875 0.03125
26 0.610609375 0.6793125 0.022984375 0.027083333333333334
50 0.50703125 0.6383958333333334 0.0484375 0.06666666666666667
25 0.62053125 0.6352708333333333 0.021875 0.028270833333333335
13 0.4671875 0.6583333333333333 0.034375 0.04583333333333333
49 0.53359375 0.6635416666666667 0.0453125 0.06458333333333334
8 0.53515625 0.7885416666666667 0.0328125 0.035416666666666666
23 0.51015625 0.6958333333333333 0.0234375 0.03333333333333333
49 0.6125 0.9947916666666666 0.03125 0.00625
49 0.00234375 0.5427083333333333 0.0046875 0.022916666666666665