45 0.300109375 0.6303541666666667 0.046656249999999996 0.060125
43 0.034375 0.5427083333333333 0.04375 0.04791666666666667
2 0.90078125 0.8772291666666666 0.0484375 0.058041666666666665
3 0.784375 0.8572916666666667 0.05 0.06458333333333334
20 0.4484375 0.6864583333333333 0.034375 0.04375
44 0.047328125 0.6747083333333334 0.038390625 0.04047916666666666
50 0.5744374999999999 0.6821458333333333 0.032359375 0.043458333333333335
42 0.193078125 0.8985208333333333 0.02946875 0.04047916666666666
46 0.189953125 0.8006041666666667 0.03571875 0.0488125
10 0.5765625 0.9645833333333333 0.053125 0.06666666666666667
41 0.303578125 0.9497083333333334 0.030359375 0.042270833333333334
48 0.2890625 0.6802083333333333 0.028125 0.035416666666666666
40 0.39296875 0.9818541666666667 0.0265625 0.03214583333333333
17 0.6515625 0.8188958333333333 0.025 0.033041666666666664
0 0.4578125 0.8541666666666666 0.03125 0.04583333333333333
5 0.3765625 0.8813958333333333 0.025 0.033041666666666664
6 0.4484375 0.940625 0.025 0.035416666666666666
47 0.462953125 0.7486666666666667 0.020984375 0.027687499999999997
1 0.5828125 0.8395833333333333 0.03125 0.04583333333333333
49 0.55078125 0.996875 0.0265625 0.0020833333333333333
49 0.5609375 0.7006875 0.018296875 0.024