2 0.94765625 0.8208333333333333 0.0515625 0.06041666666666667
43 0.07109375 0.5270833333333333 0.0453125 0.05
3 0.8265625 0.8072916666666666 0.053125 0.06666666666666667
45 0.33203125 0.6010416666666667 0.0484375 0.0625
46 0.23125 0.7708333333333334 0.0375 0.04791666666666667
44 0.08984375 0.6541666666666667 0.0359375 0.04375
20 0.4796875 0.65 0.034375 0.04583333333333333
19 0.6 0.6479166666666667 0.0765625 0.10416666666666667
42 0.23828125 0.865625 0.03125 0.0375
10 0.61875 0.9270833333333334 0.0546875 0.08333333333333333
1 0.61953125 0.7958333333333333 0.03125 0.04583333333333333
0 0.49609375 0.8135416666666667 0.0328125 0.04583333333333333
48 0.3234375 0.6510416666666666 0.028125 0.0375
40 0.43515625 0.940625 0.0265625 0.041666666666666664
17 0.68671875 0.771875 0.0265625 0.0375
5 0.415625 0.8427083333333333 0.025 0.03125
6 0.48671875 0.9 0.0265625 0.035416666666666666
41 0.346875 0.909375 0.0296875 0.04375
35 0.365625 0.9822916666666667 0.03125 0.035416666666666666
39 0.296875 0.9864583333333333 0.028125 0.027083333333333334
36 0.590625 0.9697916666666667 0.0296875 0.04583333333333333
47 0.49609375 0.7104166666666667 0.01875 0.029166666666666667