3 0.8046875 0.515625 0.046875 0.06041666666666667
45 0.301984375 0.36985416666666665 0.049171875 0.0644375
43 0.019109375 0.32875000000000004 0.038234375 0.05083333333333333
2 0.9171875 0.5166666666666667 0.046875 0.05416666666666667
44 0.066453125 0.4568125 0.034375 0.040562499999999994
34 0.8376093750000001 0.7422916666666667 0.0375 0.0468125
20 0.46171875 0.40729166666666666 0.0296875 0.04375
10 0.608546875 0.6469374999999999 0.048328125 0.06860416666666666
9 0.6203125 0.7510416666666667 0.05 0.06875
46 0.2265625 0.5520208333333334 0.034375 0.04375
19 0.5828125 0.390625 0.0375 0.052083333333333336
17 0.6703125 0.5020833333333333 0.025 0.03333333333333333
50 0.6078125 0.3697916666666667 0.03125 0.04375
48 0.3046875 0.42916666666666664 0.028125 0.0375
40 0.439484375 0.6818124999999999 0.025828125 0.03222916666666667
0 0.48828125 0.5625 0.0296875 0.041666666666666664
42 0.2484375 0.6364583333333333 0.028125 0.035416666666666666
1 0.60546875 0.5323541666666667 0.0296875 0.0394375
6 0.48515625 0.6395833333333333 0.0234375 0.03333333333333333
37 0.53984375 0.7458333333333333 0.0203125 0.029166666666666667
35 0.381296875 0.7282708333333333 0.0265625 0.035416666666666666
39 0.31796875 0.7386041666666666 0.0234375 0.031104166666666665
36 0.58359375 0.6864583333333333 0.0265625 0.035416666666666666
41 0.3546875 0.6625 0.028125 0.0375
5 0.4140625 0.5985416666666666 0.021875 0.027916666666666666
47 0.48203125 0.465625 0.0203125 0.027083333333333334
49 0.63671875 0.7270833333333333 0.0171875 0.020833333333333332
33 0.647296875 0.9395625 0.063328125 0.09247916666666667