3 0.359375 0.7177083333333333 0.04375 0.06041666666666667
21 0.605140625 0.5449375 0.042859375 0.060125
19 0.13671875 0.5541666666666667 0.0484375 0.058333333333333334
4 0.56640625 0.63125 0.0421875 0.058333333333333334
7 0.5722031249999999 0.9413750000000001 0.043078125 0.06310416666666667
34 0.3734375 0.9511875 0.034375 0.047625
1 0.146875 0.7208333333333333 0.0375 0.05
2 0.45390625 0.7239583333333334 0.0359375 0.04791666666666667
10 0.11953125 0.8708333333333333 0.0703125 0.09166666666666666
13 0.66796875 0.8145833333333333 0.0390625 0.05416666666666667
14 0.84609375 0.740625 0.0390625 0.04554166666666667
12 0.741859375 0.9202291666666667 0.068078125 0.09047916666666667
26 0.846875 0.84375 0.028125 0.03333333333333333
18 0.5265625 0.74375 0.046875 0.0625
49 0.11953125 0.9802083333333333 0.0671875 0.035416666666666666
25 0.85390625 0.7885416666666667 0.0265625 0.035416666666666666
17 0.23125 0.6916666666666667 0.028125 0.0375
49 0.15390625 0.9697916666666667 0.0296875 0.03958333333333333
16 0.62890625 0.7958333333333333 0.0234375 0.03333333333333333
18 0.7578125 0.9760416666666667 0.040625 0.04375
49 0.0171875 0.9916666666666667 0.028125 0.0125
15 0.63125 0.7041666666666667 0.025 0.03333333333333333
36 0.08984375 0.91875 0.0359375 0.04583333333333333
49 0.7228749999999999 0.8619375 0.026984374999999998 0.034458333333333334
49 0.0015625 0.6208333333333333 0.003125 0.025
11 0.740625 0.825 0.0625 0.08333333333333333