21 0.815625 0.41458333333333336 0.05625 0.06666666666666667
3 0.57265625 0.628125 0.0421875 0.05625
4 0.77734375 0.5145833333333333 0.0484375 0.06041666666666667
7 0.8125 0.8270833333333333 0.0515625 0.06666666666666667
13 0.9125 0.6958333333333333 0.0484375 0.058333333333333334
20 0.22734375 0.5197916666666667 0.0359375 0.04791666666666667
2 0.66328125 0.6239583333333333 0.0359375 0.04791666666666667
34 0.60546875 0.84375 0.0328125 0.04375
19 0.3609375 0.5052083333333334 0.040625 0.05
9 0.39765625 0.8864583333333333 0.053125 0.07916666666666666
10 0.3875 0.7729166666666667 0.05625 0.07916666666666666
45 0.0265625 0.46979166666666666 0.053125 0.08125
40 0.19453125 0.8364583333333333 0.03125 0.03958333333333333
16 0.86171875 0.684375 0.03125 0.0375
1 0.3859375 0.6510416666666666 0.0296875 0.041666666666666664
17 0.45 0.6208333333333333 0.025 0.03333333333333333
0 0.25390625 0.6916666666666667 0.034375 0.04583333333333333
50 0.70078125 0.609375 0.0234375 0.03125
49 0.98828125 0.7927083333333333 0.0234375 0.08125
48 0.025 0.5427083333333333 0.0390625 0.041666666666666664
15 0.85546875 0.5885416666666666 0.028125 0.035416666666666666
41 0.0796875 0.8270833333333333 0.0390625 0.04583333333333333
49 0.984375 0.69375 0.03125 0.08333333333333333
37 0.3140625 0.8947916666666667 0.025 0.035416666666666666
35 0.11328125 0.903125 0.034375 0.04583333333333333
6 0.25234375 0.7791666666666667 0.028125 0.03958333333333333
18 0.7390625 0.6416666666666667 0.025 0.03333333333333333
5 0.16484375 0.7395833333333334 0.0296875 0.035416666666666666
39 0.025 0.9302083333333333 0.0328125 0.041666666666666664
36 0.36171875 0.81875 0.028125 0.03958333333333333
47 0.25078125 0.5864583333333333 0.021875 0.03125
23 0.98203125 0.7427083333333333 0.0359375 0.041666666666666664
49 0.4171875 0.8604166666666667 0.01875 0.029166666666666667