45 0.3015625 0.6354166666666666 0.046875 0.06041666666666667
43 0.03515625 0.553125 0.04375 0.04791666666666667
2 0.90546875 0.8677083333333333 0.0484375 0.058333333333333334
3 0.7890625 0.8510416666666667 0.0515625 0.06666666666666667
20 0.45078125 0.6875 0.034375 0.04375
44 0.05 0.6854166666666667 0.0390625 0.041666666666666664
50 0.5765625 0.6802083333333333 0.0328125 0.04375
42 0.1984375 0.9052083333333333 0.0296875 0.041666666666666664
46 0.19375 0.8072916666666666 0.0359375 0.05
10 0.5828125 0.9625 0.0546875 0.06875
41 0.309375 0.9541666666666667 0.03125 0.04375
48 0.29140625 0.6854166666666667 0.028125 0.035416666666666666
40 0.39921875 0.9833333333333333 0.0265625 0.03333333333333333
17 0.65546875 0.815625 0.025 0.03333333333333333
0 0.4625 0.8552083333333333 0.03125 0.04583333333333333
5 0.38125 0.884375 0.025 0.03333333333333333
6 0.45390625 0.9416666666666667 0.025 0.035416666666666666
47 0.46640625 0.75 0.021875 0.029166666666666667
1 0.5875 0.8375 0.03125 0.04583333333333333
49 0.55703125 0.9958333333333333 0.0265625 0.0020833333333333333
49 0.56328125 0.6989583333333333 0.01875 0.025