2 0.9390625 0.8416666666666667 0.05 0.058333333333333334
43 0.0703125 0.5072916666666667 0.04375 0.04791666666666667
3 0.81796875 0.821875 0.0515625 0.06458333333333334
45 0.329328125 0.5927708333333332 0.047609374999999995 0.060270833333333336
46 0.22421875 0.7583333333333333 0.0359375 0.04583333333333333
44 0.0859375 0.6354166666666666 0.034375 0.041666666666666664
20 0.47578125 0.6489583333333333 0.0328125 0.04375
19 0.59609375 0.6520833333333333 0.0734375 0.1
42 0.22890625 0.8527708333333333 0.0296875 0.03639583333333333
10 0.6078125 0.9322916666666666 0.053125 0.08125
1 0.61171875 0.8010416666666667 0.0296875 0.04375
0 0.4875 0.8135416666666667 0.03125 0.04375
48 0.31953125 0.6427083333333333 0.0265625 0.035416666666666666
40 0.4234375 0.9374375 0.025 0.03958333333333333
17 0.6796875 0.7802083333333333 0.025 0.035416666666666666
5 0.40703125 0.8386041666666666 0.0234375 0.031104166666666665
6 0.47614062500000004 0.8990208333333333 0.025828125 0.035270833333333335
41 0.3359375 0.9020833333333333 0.028125 0.041666666666666664
35 0.35390625 0.9791666666666666 0.0296875 0.0375
39 0.28515625 0.98125 0.0265625 0.03333333333333333
36 0.578125 0.9739583333333334 0.028125 0.04375
47 0.49031250000000004 0.7100000000000001 0.017921875 0.0280625