43 0.044171875 0.2974375 0.046046875 0.050979166666666666
3 0.81875 0.50625 0.05 0.0625
2 0.938703125 0.5105625 0.049265625 0.05416666666666667
49 0.59765625 0.36972916666666666 0.0765625 0.10416666666666667
45 0.3140625 0.3489583333333333 0.05 0.06458333333333334
20 0.47734375 0.384375 0.0328125 0.04375
44 0.09296875 0.421875 0.0359375 0.03958333333333333
46 0.24651562500000002 0.5213958333333334 0.031984374999999995 0.040562499999999994
10 0.6125 0.6322916666666667 0.05 0.06875
34 0.8484375 0.7302083333333333 0.0375 0.04791666666666667
48 0.325 0.39895833333333336 0.028125 0.035416666666666666
42 0.268390625 0.6027083333333334 0.027390625000000002 0.034312499999999996
17 0.6890625 0.4823541666666667 0.025 0.031104166666666665
1 0.61953125 0.5114583333333333 0.0296875 0.03958333333333333
35 0.39645312499999996 0.6947916666666667 0.025828125 0.035416666666666666
49 0.64609375 0.709375 0.0234375 0.03125
37 0.55390625 0.719375 0.021984375 0.030145833333333334
50 0.60390625 0.3614583333333333 0.0328125 0.04375
0 0.50234375 0.5363958333333334 0.0296875 0.041666666666666664
33 0.639484375 0.9220208333333333 0.063328125 0.09402083333333335
39 0.337140625 0.7021458333333332 0.024265625 0.033479166666666664
41 0.370671875 0.6318750000000001 0.0290625 0.034312499999999996
5 0.4325 0.5699375 0.021046875 0.03125
47 0.50078125 0.43854166666666666 0.0203125 0.027083333333333334
6 0.5015625 0.6104166666666667 0.021875 0.031104166666666665
36 0.59609375 0.6635416666666667 0.0234375 0.03125
40 0.45629687499999994 0.6511041666666666 0.025109375 0.031104166666666665
9 0.6218281250000001 0.734375 0.0484375 0.06875