3 0.37734375 0.7364583333333333 0.0484375 0.06666666666666667
21 0.6078125 0.5302083333333333 0.046875 0.06666666666666667
19 0.14296875 0.6041666666666666 0.053125 0.06458333333333334
4 0.5765625 0.6208333333333333 0.046875 0.06458333333333334
7 0.60625 0.9291666666666667 0.0484375 0.06875
34 0.409375 0.9666666666666667 0.0375 0.052083333333333336
1 0.16640625 0.76875 0.040625 0.05416666666666667
2 0.471875 0.7291666666666666 0.0390625 0.052083333333333336
10 0.15078125 0.921875 0.0765625 0.1
13 0.69140625 0.7895833333333333 0.04375 0.058333333333333334
14 0.86328125 0.690625 0.0421875 0.05
12 0.7734375 0.884375 0.075 0.1
26 0.871875 0.79375 0.03125 0.0375
18 0.5453125 0.7385416666666667 0.0515625 0.06875
25 0.87421875 0.7375 0.0296875 0.03958333333333333
17 0.24765625 0.728125 0.03125 0.041666666666666664
16 0.6515625 0.7760416666666666 0.0265625 0.035416666666666666
18 0.79375 0.9375 0.04375 0.05
15 0.646875 0.684375 0.028125 0.0375
36 0.125 0.9739583333333334 0.0390625 0.05
49 0.75 0.8291666666666667 0.0296875 0.0375
49 0.0140625 0.6895833333333333 0.0046875 0.025
11 0.76484375 0.7895833333333333 0.06875 0.09166666666666666