4 0.971875 0.7641458333333334 0.053125 0.07172916666666666
3 0.73125 0.8537291666666668 0.046875 0.06339583333333333
46 0.12734375 0.8147291666666666 0.0421875 0.049708333333333334
2 0.84140625 0.86875 0.0453125 0.058333333333333334
42 0.132921875 0.9178541666666666 0.0359375 0.04583333333333333
49 0.99140625 0.653125 0.0140625 0.05625
50 0.59453125 0.6625 0.0421875 0.05595833333333333
20 0.4 0.6916666666666667 0.03125 0.04583333333333333
10 0.52890625 0.9666666666666667 0.0546875 0.0625
18 0.94375 0.903125 0.034375 0.04375
6 0.39978125000000003 0.9517916666666667 0.027671875000000002 0.0363125
41 0.249671875 0.9642916666666667 0.033703125 0.044645833333333336
19 0.52109375 0.6927083333333334 0.0359375 0.052083333333333336
48 0.2359375 0.6875 0.028125 0.0375
0 0.41060937500000005 0.8620625000000001 0.032359375 0.04672916666666667
17 0.6035781250000001 0.8200833333333333 0.025890625 0.035416666666666666
5 0.32610937500000003 0.893 0.027671875000000002 0.03779166666666667
1 0.5365 0.8443541666666667 0.032359375 0.04702083333333333
49 0.34296875 0.9864583333333333 0.0265625 0.022916666666666665
47 0.415734375 0.7526875000000001 0.022093750000000002 0.030354166666666668
45 0.24609375 0.6354166666666666 0.0515625 0.06666666666666667