43 0.0328125 0.35104166666666664 0.0484375 0.05625
3 0.81796875 0.46875 0.053125 0.06875
2 0.9375 0.459375 0.053125 0.06041666666666667
49 0.5890625 0.359375 0.0828125 0.1125
45 0.3046875 0.37083333333333335 0.0546875 0.07083333333333333
20 0.46953125 0.3875 0.0359375 0.04791666666666667
44 0.0890625 0.46979166666666666 0.0390625 0.04375
46 0.24921875 0.5510416666666667 0.034375 0.04375
10 0.62109375 0.61875 0.0546875 0.075
34 0.8625 0.6885416666666667 0.040625 0.052083333333333336
48 0.31875 0.4197916666666667 0.0296875 0.03958333333333333
42 0.27578125 0.6291666666666667 0.0296875 0.0375
17 0.6875 0.46041666666666664 0.0265625 0.03333333333333333
1 0.61953125 0.4979166666666667 0.0328125 0.04375
35 0.409375 0.70625 0.028125 0.0375
49 0.659375 0.6916666666666667 0.025 0.03333333333333333
37 0.56796875 0.7125 0.0234375 0.03333333333333333
50 0.59453125 0.35 0.0359375 0.04791666666666667
0 0.5046875 0.5364583333333334 0.0328125 0.04583333333333333
33 0.66640625 0.9041666666666667 0.06875 0.1
39 0.35078125 0.7197916666666667 0.0265625 0.035416666666666666
41 0.3796875 0.646875 0.03125 0.0375
5 0.4375 0.5770833333333333 0.0234375 0.03333333333333333
47 0.496875 0.43854166666666666 0.021875 0.029166666666666667
6 0.50859375 0.609375 0.0234375 0.03333333333333333
36 0.60625 0.6520833333333333 0.025 0.03333333333333333
40 0.46640625 0.6552083333333333 0.0265625 0.03333333333333333
9 0.63671875 0.7197916666666667 0.053125 0.075