21 0.81640625 0.421875 0.0546875 0.06458333333333334
3 0.5713125 0.6293124999999999 0.0421875 0.05625
4 0.77734375 0.5208333333333334 0.0484375 0.058333333333333334
7 0.8078125 0.834375 0.05 0.06458333333333334
13 0.91015625 0.7052083333333333 0.0484375 0.05625
20 0.22734375 0.5135416666666667 0.0359375 0.04791666666666667
2 0.66171875 0.6275208333333333 0.0359375 0.04672916666666667
34 0.60078125 0.8465833333333334 0.0328125 0.042562499999999996
19 0.36126562500000003 0.5022291666666666 0.039953125 0.049708333333333334
9 0.39296875 0.884375 0.0515625 0.07708333333333334
10 0.38359375 0.7697916666666667 0.0546875 0.07708333333333334
45 0.0265625 0.4583333333333333 0.053125 0.07916666666666666
40 0.189953125 0.8290208333333333 0.03125 0.03839583333333333
16 0.859046875 0.6924166666666667 0.030578125 0.03660416666666667
1 0.38359375 0.6479166666666667 0.0296875 0.041666666666666664
17 0.4484375 0.6193541666666668 0.025 0.03214583333333333
0 0.2515625 0.6854166666666667 0.034375 0.04583333333333333
50 0.69921875 0.6141458333333334 0.0234375 0.0300625
49 0.9856093749999999 0.8037291666666667 0.025671875 0.0800625
48 0.02421875 0.53125 0.0390625 0.041666666666666664
15 0.8540156250000001 0.5965833333333334 0.028125 0.034229166666666665
41 0.07578125 0.8169583333333333 0.0390625 0.04583333333333333
49 0.9828125 0.7055 0.03125 0.08185416666666666
37 0.30859375 0.8907708333333333 0.02521875 0.035124999999999997
35 0.1078125 0.8938958333333333 0.034375 0.04554166666666667
6 0.24865624999999997 0.7735208333333333 0.028125 0.0386875
18 0.736828125 0.647625 0.025 0.03214583333333333
5 0.161390625 0.7313958333333334 0.029015625 0.035416666666666666
39 0.019640625000000002 0.9195 0.03259375 0.0401875
36 0.3578125 0.815625 0.028125 0.03958333333333333
47 0.25 0.5802083333333333 0.021875 0.03125
23 0.97890625 0.7541666666666667 0.0359375 0.041666666666666664
49 0.4125 0.8583333333333333 0.01875 0.029166666666666667