4 0.9484375 0.828125 0.0578125 0.07916666666666666
3 0.70234375 0.884375 0.0515625 0.06875
46 0.1046875 0.7614583333333333 0.0453125 0.05625
2 0.8109375 0.9145833333333333 0.05 0.06458333333333334
42 0.10234375 0.8645833333333334 0.0390625 0.05
49 0.9765625 0.7208333333333333 0.01875 0.058333333333333334
50 0.58125 0.675 0.046875 0.0625
20 0.38515625 0.6770833333333334 0.034375 0.05
10 0.4921875 0.9666666666666667 0.059375 0.06666666666666667
18 0.909375 0.9625 0.0375 0.04791666666666667
6 0.36484375 0.9354166666666667 0.0296875 0.03958333333333333
41 0.21484375 0.9270833333333334 0.0375 0.05
19 0.50625 0.6947916666666667 0.0390625 0.05625
48 0.22265625 0.65 0.03125 0.041666666666666664
0 0.3828125 0.8479166666666667 0.0359375 0.05
17 0.578125 0.8322916666666667 0.028125 0.03958333333333333
5 0.29609375 0.8666666666666667 0.03125 0.041666666666666664
1 0.509375 0.8479166666666667 0.0359375 0.052083333333333336
49 0.30546875 0.9614583333333333 0.028125 0.027083333333333334
47 0.39609375 0.7395833333333334 0.025 0.03333333333333333
45 0.23671875 0.5989583333333334 0.05625 0.07291666666666667