3 0.80234375 0.5510416666666667 0.05 0.06666666666666667
45 0.3109375 0.346875 0.053125 0.07083333333333333
43 0.03203125 0.27395833333333336 0.0421875 0.05416666666666667
2 0.91484375 0.5645833333333333 0.05 0.06041666666666667
44 0.07109375 0.40625 0.0375 0.04375
34 0.8203125 0.7802083333333333 0.040625 0.05
20 0.46796875 0.403125 0.0328125 0.04791666666666667
10 0.5984375 0.659375 0.053125 0.075
9 0.603125 0.7645833333333333 0.0546875 0.075
46 0.22421875 0.5197916666666667 0.0375 0.04791666666666667
19 0.58984375 0.4010416666666667 0.040625 0.05625
17 0.66953125 0.521875 0.0265625 0.035416666666666666
50 0.615625 0.38333333333333336 0.034375 0.04791666666666667
48 0.31015625 0.40625 0.03125 0.041666666666666664
40 0.428125 0.6739583333333333 0.028125 0.035416666666666666
0 0.484375 0.5604166666666667 0.0328125 0.04583333333333333
42 0.240625 0.60625 0.0296875 0.03958333333333333
1 0.603125 0.5447916666666667 0.0328125 0.04375
6 0.47578125 0.6375 0.025 0.035416666666666666
37 0.5234375 0.75 0.021875 0.03125
35 0.3671875 0.7135416666666666 0.028125 0.0375
39 0.303125 0.7166666666666667 0.025 0.03333333333333333
36 0.57109375 0.6958333333333333 0.028125 0.0375
41 0.34453125 0.6447916666666667 0.03125 0.041666666666666664
5 0.4078125 0.5885416666666666 0.0234375 0.03125
47 0.484375 0.4635416666666667 0.021875 0.029166666666666667
49 0.62109375 0.7416666666666667 0.01875 0.022916666666666665
33 0.6171875 0.9520833333333333 0.06875 0.09583333333333334