19 0.2 0.46875 0.04375 0.05416666666666667
13 0.725 0.61875 0.0375 0.05
37 0.17734375 0.8625 0.0265625 0.0375
4 0.60546875 0.4635416666666667 0.0421875 0.05625
15 0.693078125 0.5200833333333333 0.02321875 0.03125
8 0.8234375 0.7458333333333333 0.040625 0.05
26 0.92109375 0.6166666666666667 0.0265625 0.03333333333333333
16 0.69609375 0.6052083333333333 0.0234375 0.03125
1 0.23828125 0.6145833333333334 0.0328125 0.041666666666666664
21 0.634375 0.371875 0.04375 0.06041666666666667
14 0.906578125 0.5183125 0.038171875 0.04672916666666667
18 0.5921875 0.575 0.021875 0.029166666666666667
11 0.77890625 0.6197916666666666 0.0578125 0.07708333333333334
17 0.31171875 0.575 0.0234375 0.03333333333333333
6 0.1 0.7552083333333334 0.03125 0.03958333333333333
3 0.41875 0.5802083333333333 0.040625 0.05625
25 0.928125 0.5626458333333333 0.028125 0.033041666666666664
38 0.28203125 0.8208333333333333 0.0265625 0.0375
10 0.22578125 0.7427083333333333 0.0578125 0.07708333333333334
0 0.09375 0.66875 0.040625 0.05
20 0.05 0.490625 0.04375 0.052083333333333336
47 0.093078125 0.5528333333333334 0.028125 0.0300625
9 0.24296875 0.8520833333333333 0.0546875 0.075
34 0.46640625 0.778125 0.0296875 0.04375
2 0.5125 0.56875 0.06875 0.0875
7 0.6359375 0.7447916666666666 0.040625 0.05625
28 0.81796875 0.6779791666666667 0.0234375 0.029166666666666667
40 0.034828125 0.8236666666666667 0.038390625 0.0449375
50 0.45390625 0.5854166666666667 0.0296875 0.041666666666666664
27 0.9859375 0.81875 0.025 0.041666666666666664
36 0.221875 0.7885416666666667 0.028125 0.03125
49 0.794203125 0.6613125 0.025890625 0.01904166666666667
49 0.00625 0.7239583333333334 0.0125 0.035416666666666666
49 0.89296875 0.9958333333333333 0.0171875 0.004166666666666667
12 0.78125 0.7052083333333333 0.0625 0.08125