7 0.06953125 0.9364583333333333 0.0578125 0.07291666666666667
30 0.518421875 0.8361666666666667 0.038171875 0.0526875
24 0.53359375 0.5427083333333333 0.0265625 0.035416666666666666
49 0.52265625 0.9875 0.0390625 0.020833333333333332
27 0.429015625 0.853875 0.025 0.034520833333333334
49 0.0203125 0.6 0.040625 0.06666666666666667
14 0.3453125 0.6125 0.03125 0.041666666666666664
19 0.044203124999999996 0.48914583333333334 0.061609375 0.0675625
8 0.28671875 0.846875 0.0390625 0.052083333333333336
15 0.14654687500000002 0.6479166666666667 0.028796875 0.03333333333333333
22 0.51171875 0.48333333333333334 0.0265625 0.0375
25 0.3703125 0.6479166666666667 0.021875 0.029166666666666667
50 0.53984375 0.4510416666666667 0.0234375 0.03125
12 0.22779687499999998 0.8247083333333334 0.066296875 0.0863125
26 0.370765625 0.697625 0.020984375 0.027979166666666666
28 0.2875 0.7834791666666666 0.021875 0.03125
18 0.01484375 0.74375 0.0296875 0.0375
11 0.22265625 0.734375 0.0609375 0.07708333333333334
13 0.17734375 0.75 0.0390625 0.05416666666666667
49 0.1546875 0.74375 0.025 0.0375
23 0.2578125 0.7625 0.028125 0.0375