21 0.225 0.28541666666666665 0.0546875 0.07083333333333333
4 0.1921875 0.38645833333333335 0.0546875 0.06666666666666667
2 0.06953125 0.5072916666666667 0.05 0.058333333333333334
30 0.62265625 0.6854166666666667 0.040625 0.052083333333333336
32 0.47578125 0.884375 0.0734375 0.10625
29 0.61171875 0.8395833333333333 0.0421875 0.0625
31 0.30078125 0.971875 0.0671875 0.05625
14 0.46875 0.4479166666666667 0.03125 0.04375
34 0.6578125 0.4041666666666667 0.028125 0.035416666666666666
7 0.23125 0.68125 0.046875 0.06041666666666667
11 0.3734375 0.5385416666666667 0.05625 0.075
50 0.625 0.3333333333333333 0.0234375 0.03333333333333333
27 0.52265625 0.6854166666666667 0.0234375 0.03333333333333333
13 0.31953125 0.5447916666666667 0.0375 0.05
18 0.1734375 0.5135416666666667 0.028125 0.035416666666666666
16 0.28984375 0.5375 0.025 0.03333333333333333
8 0.40546875 0.65 0.0359375 0.04583333333333333
15 0.28359375 0.45 0.0265625 0.035416666666666666
22 0.6453125 0.34479166666666666 0.0296875 0.041666666666666664
12 0.37578125 0.6145833333333334 0.0609375 0.07916666666666666
49 0.01953125 0.765625 0.021875 0.052083333333333336
25 0.48359375 0.48854166666666665 0.021875 0.029166666666666667
26 0.47890625 0.5333333333333333 0.021875 0.029166666666666667
49 0.40078125 0.5927083333333333 0.01875 0.029166666666666667
49 0.378125 0.5739583333333333 0.028125 0.020833333333333332