19 0.20234375 0.440625 0.046875 0.058333333333333334
13 0.71796875 0.6395833333333333 0.040625 0.05416666666666667
37 0.159375 0.83125 0.028125 0.03958333333333333
4 0.60703125 0.4739583333333333 0.0453125 0.06041666666666667
15 0.69140625 0.5375 0.025 0.03333333333333333
8 0.81015625 0.775 0.04375 0.05416666666666667
26 0.9140625 0.6552083333333333 0.028125 0.035416666666666666
16 0.68984375 0.6229166666666667 0.025 0.03333333333333333
1 0.2328125 0.5895833333333333 0.034375 0.04375
21 0.640625 0.384375 0.046875 0.06458333333333334
14 0.9046875 0.55625 0.040625 0.05
18 0.58828125 0.5833333333333334 0.0234375 0.03125
11 0.771875 0.6458333333333334 0.0609375 0.08125
17 0.30859375 0.5572916666666666 0.025 0.035416666666666666
6 0.0875 0.7177083333333333 0.0328125 0.041666666666666664
3 0.41484375 0.5729166666666666 0.04375 0.06041666666666667
25 0.9234375 0.6020833333333333 0.0296875 0.035416666666666666
38 0.265625 0.8 0.028125 0.03958333333333333
10 0.2140625 0.7166666666666667 0.0609375 0.08125
0 0.0859375 0.6302083333333334 0.04375 0.05416666666666667
20 0.0515625 0.44895833333333335 0.046875 0.05625
47 0.09140625 0.5145833333333333 0.0296875 0.03333333333333333
9 0.225 0.8270833333333333 0.0578125 0.07916666666666666
34 0.4515625 0.7739583333333333 0.03125 0.04583333333333333
2 0.50859375 0.5697916666666667 0.0734375 0.09375
7 0.62265625 0.7572916666666667 0.04375 0.06041666666666667
28 0.8078125 0.7072916666666667 0.025 0.03125
40 0.01953125 0.778125 0.0390625 0.04791666666666667
50 0.44921875 0.58125 0.03125 0.04375
27 0.96796875 0.8635416666666667 0.0265625 0.04375
36 0.2078125 0.7614583333333333 0.0296875 0.03333333333333333
49 0.78515625 0.6885416666666667 0.0265625 0.020833333333333332
49 0.0015625 0.6770833333333334 0.003125 0.0375
12 0.76953125 0.73125 0.0671875 0.0875