21 0.23359375 0.26666666666666666 0.0515625 0.06666666666666667
4 0.196984375 0.36487499999999995 0.0515625 0.0625
2 0.06953125 0.47708333333333336 0.0484375 0.05416666666666667
30 0.61484375 0.69375 0.0390625 0.05
32 0.4609375 0.8822916666666667 0.06875 0.10208333333333333
29 0.5984375 0.846875 0.040625 0.06041666666666667
31 0.28203125 0.9645833333333333 0.0640625 0.06666666666666667
14 0.47109375 0.44583333333333336 0.0296875 0.041666666666666664
34 0.66171875 0.414875 0.0265625 0.03333333333333333
7 0.22421875 0.6625 0.0453125 0.058333333333333334
11 0.371875 0.5291666666666667 0.053125 0.07083333333333333
50 0.63125 0.34270833333333334 0.021875 0.03125
27 0.515625 0.6864583333333333 0.021875 0.03125
13 0.31796875 0.5322916666666667 0.0359375 0.04791666666666667
18 0.173546875 0.4907708333333333 0.0265625 0.03333333333333333
16 0.28828125 0.5230625 0.0234375 0.03125
8 0.4 0.6427083333333333 0.034375 0.04375
15 0.2859375 0.4354166666666667 0.025 0.03333333333333333
22 0.6515625 0.35520833333333335 0.028125 0.03958333333333333
12 0.37109375 0.60625 0.0578125 0.075
49 0.01015625 0.73125 0.0203125 0.05
25 0.48415625 0.48720833333333335 0.021421875 0.027979166666666666
26 0.47734375 0.5313958333333333 0.0203125 0.027083333333333334
49 0.39765625 0.5852708333333333 0.0171875 0.027083333333333334
49 0.375 0.565625 0.028125 0.01875