3 0.5293281249999999 0.5963958333333333 0.078859375 0.10722916666666667
21 0.753546875 0.3797291666666667 0.049171875 0.06139583333333333
4 0.7219218749999999 0.47770833333333335 0.043640625 0.05708333333333333
7 0.7594218749999999 0.7703541666666667 0.043640625 0.0593125
11 0.926609375 0.6424375 0.071765625 0.08485416666666666
20 0.190625 0.5099375 0.0375 0.0468125
2 0.622296875 0.5859791666666666 0.033546875 0.04472916666666667
34 0.57421875 0.7958958333333332 0.0296875 0.04152083333333333
16 0.81953125 0.6250625 0.0265625 0.0331875
15 0.8125 0.53125 0.028125 0.03333333333333333
40 0.1765625 0.8135416666666667 0.03125 0.03958333333333333
8 0.97421875 0.7822916666666667 0.0484375 0.05625
1 0.3546875 0.6270833333333333 0.03125 0.041666666666666664
9 0.3640625 0.8578541666666666 0.05 0.0718125
19 0.321515625 0.48964583333333334 0.038234375 0.049854166666666665
10 0.34765625 0.7510416666666667 0.0515625 0.07291666666666667
0 0.2265625 0.6755625 0.034375 0.04472916666666667
13 0.85625 0.6395833333333333 0.04375 0.05416666666666667
17 0.421875 0.5885416666666666 0.021875 0.03125
25 0.09921875 0.8865208333333333 0.0359375 0.043604166666666666
18 0.703125 0.5911875 0.025 0.030145833333333334
41 0.063328125 0.8157708333333333 0.035828125 0.04375
12 0.93125 0.7364583333333333 0.078125 0.08958333333333333
38 0.3953125 0.8260416666666667 0.025 0.035416666666666666
5 0.14453125 0.7235416666666666 0.0296875 0.034312499999999996
37 0.29921875 0.8620208333333333 0.0234375 0.034312499999999996
6 0.232078125 0.7552708333333332 0.028125 0.03333333333333333
39 0.016046875 0.9177708333333333 0.030421874999999998 0.0394375
47 0.22421875 0.5672291666666667 0.0234375 0.0280625
49 0.9625 0.7072916666666667 0.028125 0.035416666666666666
49 0.0046875 0.5416666666666666 0.009375 0.0375
36 0.33984375 0.7916666666666666 0.0265625 0.029166666666666667
49 0.00234375 0.48333333333333334 0.0046875 0.03333333333333333
49 0.934375 0.684375 0.03125 0.022916666666666665