7 0.0375 0.8739583333333333 0.0625 0.08125
30 0.4921875 0.8364583333333333 0.0421875 0.058333333333333334
24 0.5296875 0.546875 0.0296875 0.03958333333333333
49 0.484375 0.9864583333333333 0.040625 0.027083333333333334
27 0.4015625 0.8416666666666667 0.028125 0.0375
49 0.01875 0.5322916666666667 0.0375 0.07291666666666667
14 0.3375 0.590625 0.034375 0.04583333333333333
19 0.04765625 0.42604166666666665 0.0671875 0.075
8 0.2609375 0.815625 0.0421875 0.05625
15 0.13671875 0.5979166666666667 0.03125 0.0375
22 0.51328125 0.48541666666666666 0.0296875 0.041666666666666664
25 0.359375 0.6291666666666667 0.0234375 0.03125
50 0.54375 0.45729166666666665 0.025 0.03333333333333333
12 0.20390625 0.7854166666666667 0.0734375 0.09583333333333334
26 0.35625 0.678125 0.0234375 0.03125
28 0.26640625 0.7520833333333333 0.0234375 0.03333333333333333
18 0.00703125 0.675 0.0140625 0.041666666666666664
11 0.20546875 0.6947916666666667 0.0671875 0.08541666666666667
13 0.159375 0.7041666666666667 0.04375 0.058333333333333334
49 0.1375 0.6947916666666667 0.028125 0.041666666666666664
23 0.23828125 0.7270833333333333 0.03125 0.041666666666666664