3 0.52265625 0.5989583333333334 0.0859375 0.11666666666666667
21 0.76015625 0.409375 0.053125 0.06666666666666667
4 0.72265625 0.503125 0.046875 0.0625
7 0.740625 0.7989583333333333 0.046875 0.06458333333333334
11 0.915625 0.6916666666666667 0.0765625 0.09375
20 0.19140625 0.4739583333333333 0.040625 0.05
2 0.61640625 0.6 0.0359375 0.04791666666666667
34 0.5546875 0.803125 0.0328125 0.04583333333333333
16 0.81015625 0.6614583333333334 0.028125 0.035416666666666666
15 0.809375 0.5677083333333334 0.0296875 0.0375
40 0.15703125 0.775 0.034375 0.04375
8 0.95390625 0.8364583333333333 0.0515625 0.0625
1 0.346875 0.609375 0.034375 0.04583333333333333
9 0.34140625 0.840625 0.0546875 0.07708333333333334
19 0.32265625 0.46875 0.040625 0.05416666666666667
10 0.33203125 0.7322916666666667 0.05625 0.07916666666666666
0 0.21640625 0.6427083333333333 0.0375 0.04791666666666667
13 0.84609375 0.6802083333333333 0.046875 0.058333333333333334
17 0.41640625 0.5791666666666667 0.0234375 0.03333333333333333
25 0.07578125 0.8385416666666666 0.0390625 0.04791666666666667
18 0.69609375 0.6145833333333334 0.0265625 0.03333333333333333
41 0.04453125 0.7635416666666667 0.0390625 0.04791666666666667
12 0.9140625 0.7854166666666667 0.084375 0.09791666666666667
38 0.37421875 0.8125 0.0265625 0.0375
5 0.13125 0.68125 0.03125 0.0375
37 0.2765625 0.8375 0.025 0.0375
6 0.21640625 0.7229166666666667 0.0296875 0.0375
47 0.22109375 0.5354166666666667 0.025 0.03125
49 0.946875 0.7604166666666666 0.0296875 0.03958333333333333
49 0.0046875 0.48333333333333334 0.009375 0.0375
36 0.32109375 0.771875 0.028125 0.03125
49 0.00546875 0.42604166666666665 0.00625 0.03333333333333333
49 0.9203125 0.734375 0.0328125 0.027083333333333334