22 0.653125 0.3333333333333333 0.028125 0.0375
8 0.42750000000000005 0.6798541666666666 0.03625 0.0469375
28 0.4265625 0.61875 0.01875 0.029166666666666667
32 0.478125 0.93125 0.075 0.10833333333333334
21 0.2046875 0.33541666666666664 0.053125 0.06666666666666667
14 0.48046875 0.4625 0.0296875 0.041666666666666664
26 0.5046875 0.5447916666666667 0.021875 0.027083333333333334
12 0.36953125 0.653125 0.0546875 0.07708333333333334
25 0.50390625 0.49895833333333334 0.0203125 0.027083333333333334
27 0.55703125 0.696875 0.0234375 0.03125
24 0.6734375 0.39895833333333336 0.028125 0.035416666666666666
30 0.64609375 0.690625 0.0390625 0.052083333333333336
29 0.6453125 0.8572916666666667 0.04375 0.06041666666666667
23 0.4 0.5989583333333334 0.025 0.035416666666666666
4 0.18125 0.43854166666666666 0.05 0.06041666666666667
2 0.0796875 0.5739583333333333 0.046875 0.052083333333333336
7 0.24375 0.73125 0.04375 0.058333333333333334
49 0.3109375 0.5728541666666668 0.01875 0.03125
15 0.30078125 0.4864583333333333 0.0234375 0.03125
18 0.196875 0.5625 0.028125 0.03333333333333333
34 0.039531250000000004 0.8391666666666667 0.0478125 0.0530625
50 0.16953125 0.9020833333333333 0.0296875 0.041666666666666664
13 0.3278125 0.5801458333333334 0.021249999999999998 0.042229166666666665
11 0.3640625 0.571875 0.053125 0.07291666666666667