3 0.1015625 0.39895833333333336 0.0546875 0.06666666666666667
21 0.3765625 0.22604166666666667 0.046875 0.06875
4 0.3359375 0.31666666666666665 0.0453125 0.058333333333333334
7 0.33984375 0.5989583333333334 0.0421875 0.05625
2 0.21484375 0.41041666666666665 0.040625 0.05
24 0.78046875 0.4239583333333333 0.03125 0.03958333333333333
22 0.7734375 0.353125 0.03125 0.041666666666666664
32 0.5578125 0.8416666666666667 0.0703125 0.09791666666666667
34 0.13828125 0.63125 0.040625 0.04375
14 0.5828125 0.425 0.0296875 0.03958333333333333
29 0.68515625 0.8416666666666667 0.04375 0.06041666666666667
13 0.43125 0.4895833333333333 0.0359375 0.04583333333333333
11 0.4890625 0.4895833333333333 0.0515625 0.06875
31 0.38125 0.8958333333333334 0.059375 0.08541666666666667
50 0.65078125 0.6895833333333333 0.0359375 0.04583333333333333
15 0.4 0.39375 0.021875 0.029166666666666667
30 0.7125 0.69375 0.040625 0.05416666666666667
18 0.29609375 0.434375 0.0265625 0.03333333333333333
8 0.49921875 0.6104166666666667 0.034375 0.04375
25 0.58671875 0.4666666666666667 0.021875 0.029166666666666667
16 0.396875 0.4791666666666667 0.025 0.03333333333333333
26 0.575 0.5125 0.01875 0.027083333333333334
27 0.6046875 0.66875 0.0234375 0.03125
49 0.475 0.5239583333333333 0.0203125 0.025
12 0.48515625 0.565625 0.0546875 0.06875