4 0.73046875 0.3645833333333333 0.0453125 0.058333333333333334
49 0.9796875 0.9708333333333333 0.0375 0.05416666666666667
3 0.5234375 0.446875 0.040625 0.05625
2 0.609015625 0.4579166666666667 0.035109375 0.042499999999999996
21 0.780890625 0.2719375 0.049062499999999995 0.0644375
20 0.1734375 0.290625 0.040625 0.052083333333333336
7 0.721875 0.65375 0.04375 0.05083333333333333
19 0.31875 0.2947916666666667 0.040625 0.05625
49 0.7640625 0.965625 0.065625 0.06458333333333334
11 0.9125 0.55625 0.06875 0.07916666666666666
9 0.34573437500000004 0.6683958333333333 0.050828125 0.0656875
10 0.3375 0.5614583333333333 0.053125 0.06875
13 0.826609375 0.5489583333333333 0.0421875 0.04791666666666667
35 0.054734375 0.6573541666666666 0.034265625 0.0394375
1 0.334375 0.4479166666666667 0.03125 0.041666666666666664
34 0.534375 0.6479166666666667 0.028125 0.0375
6 0.19375 0.5541666666666667 0.028125 0.03333333333333333
15 0.7875 0.44375 0.025 0.03333333333333333
40 0.134375 0.6010416666666667 0.03125 0.035416666666666666
18 0.67421875 0.4822916666666667 0.0234375 0.03125
5 0.10234375 0.5063125 0.0296875 0.0331875
17 0.39921875 0.425 0.0234375 0.029166666666666667
36 0.303125 0.6052083333333333 0.028125 0.035416666666666666
16 0.77890625 0.5377708333333333 0.0265625 0.03333333333333333
41 0.01875 0.5813124999999999 0.0375 0.04152083333333333
0 0.19921875 0.4708333333333333 0.0359375 0.04583333333333333
8 0.9078125 0.7010416666666667 0.04375 0.04375
23 0.8781718749999999 0.5979166666666667 0.0328125 0.0375
37 0.252765625 0.6682708333333333 0.022609375 0.030145833333333334
47 0.19296875 0.36354166666666665 0.0234375 0.03125
33 0.36484375 0.8433333333333334 0.0609375 0.08416666666666667
12 0.90625 0.6415208333333333 0.071875 0.08333333333333333
49 0.5203125 0.6635416666666667 0.021875 0.03125