3 0.025 0.4395833333333333 0.05 0.075
4 0.2484375 0.2791666666666667 0.0546875 0.07291666666666667
21 0.2671875 0.16875 0.059375 0.08125
22 0.75859375 0.17916666666666667 0.040625 0.05
2 0.16015625 0.4125 0.046875 0.058333333333333334
24 0.775 0.25416666666666665 0.0390625 0.04791666666666667
32 0.5265625 0.8020833333333334 0.08125 0.11458333333333333
30 0.72109375 0.571875 0.0484375 0.06458333333333334
14 0.55546875 0.31666666666666665 0.0359375 0.04791666666666667
34 0.1375 0.6489583333333333 0.0421875 0.04791666666666667
7 0.31328125 0.5739583333333333 0.046875 0.06041666666666667
29 0.70703125 0.734375 0.0515625 0.06875
27 0.6265625 0.5604166666666667 0.025 0.03333333333333333
15 0.37421875 0.3333333333333333 0.0265625 0.035416666666666666
25 0.58125 0.35520833333333335 0.0234375 0.03333333333333333
8 0.49296875 0.5375 0.0390625 0.05
23 0.4703125 0.453125 0.0296875 0.03958333333333333
18 0.2765625 0.40625 0.028125 0.0375
31 0.3703125 0.88125 0.0671875 0.09375
28 0.5 0.47604166666666664 0.0234375 0.03125
13 0.3921875 0.434375 0.0265625 0.05
49 0.38359375 0.4197916666666667 0.0171875 0.027083333333333334
12 0.42890625 0.5135416666666667 0.065625 0.08541666666666667
49 0.5796875 0.4010416666666667 0.021875 0.022916666666666665
50 0.57734375 0.41354166666666664 0.0234375 0.029166666666666667
11 0.42578125 0.42916666666666664 0.0609375 0.08125