3 0.02734375 0.37395833333333334 0.0546875 0.06875
4 0.2671875 0.24583333333333332 0.05 0.06666666666666667
21 0.2946875 0.1380625 0.053125 0.07389583333333333
22 0.782140625 0.2168125 0.037609375 0.04583333333333333
2 0.169171875 0.36514583333333334 0.042921875 0.0530625
24 0.793015625 0.29431250000000003 0.036046875 0.042770833333333334
32 0.50234375 0.8041666666666667 0.0734375 0.10416666666666667
30 0.7141093749999999 0.6021458333333333 0.043859375 0.058479166666666665
14 0.5695781249999999 0.32556250000000003 0.032921875 0.042770833333333334
34 0.128171875 0.5979791666666666 0.0390625 0.04375
7 0.30859375 0.5479166666666667 0.0421875 0.05416666666666667
29 0.687546875 0.7620208333333333 0.046984375 0.06152083333333334
27 0.62109375 0.578125 0.0234375 0.03125
15 0.38828125 0.31666666666666665 0.0234375 0.03333333333333333
25 0.5921875 0.36770833333333336 0.021875 0.03125
8 0.48989062499999997 0.5366666666666667 0.036046875 0.04583333333333333
23 0.47421875 0.44895833333333335 0.0265625 0.035416666666666666
18 0.284796875 0.3756875 0.025828125 0.0344375
31 0.34140625 0.8614583333333333 0.0609375 0.08541666666666667
28 0.5015625 0.47568750000000004 0.021875 0.0280625
13 0.39765625 0.4197916666666667 0.0234375 0.04791666666666667
49 0.390671875 0.40375 0.015515625 0.025833333333333333
12 0.428125 0.503125 0.059375 0.07708333333333334
49 0.58671875 0.4125 0.0203125 0.020833333333333332
50 0.58390625 0.4247916666666667 0.0209375 0.025416666666666664
11 0.43203125 0.41875 0.0546875 0.075