4 0.73359375 0.375 0.046875 0.06041666666666667
49 0.96640625 0.9822916666666667 0.0390625 0.035416666666666666
3 0.525 0.4479166666666667 0.0421875 0.058333333333333334
2 0.61015625 0.4625 0.0359375 0.04375
21 0.78671875 0.28541666666666665 0.05 0.06666666666666667
20 0.17890625 0.2760416666666667 0.0421875 0.05416666666666667
7 0.71796875 0.6635416666666667 0.0453125 0.052083333333333336
19 0.32421875 0.2864583333333333 0.0421875 0.058333333333333334
49 0.75078125 0.971875 0.0671875 0.05625
11 0.9109375 0.575 0.0703125 0.08333333333333333
9 0.34140625 0.6614583333333334 0.053125 0.06875
10 0.3359375 0.5541666666666667 0.0546875 0.07083333333333333
13 0.825 0.5645833333333333 0.04375 0.05
35 0.05078125 0.6364583333333333 0.0359375 0.041666666666666664
1 0.3359375 0.440625 0.0328125 0.04375
34 0.53046875 0.6489583333333333 0.0296875 0.03958333333333333
6 0.1921875 0.5395833333333333 0.0296875 0.035416666666666666
15 0.7890625 0.45729166666666665 0.0265625 0.035416666666666666
40 0.13203125 0.584375 0.0328125 0.0375
18 0.67421875 0.490625 0.025 0.03333333333333333
5 0.10234375 0.4875 0.03125 0.035416666666666666
17 0.4015625 0.42083333333333334 0.0234375 0.03125
36 0.30078125 0.5958333333333333 0.0296875 0.0375
16 0.778125 0.5510416666666667 0.028125 0.035416666666666666
41 0.01796875 0.559375 0.0359375 0.04375
0 0.2 0.45729166666666665 0.0375 0.04791666666666667
8 0.90234375 0.7197916666666667 0.0453125 0.04583333333333333
23 0.875 0.615625 0.034375 0.03958333333333333
37 0.2484375 0.65625 0.0234375 0.03125
47 0.196875 0.3489583333333333 0.025 0.03333333333333333
33 0.35625 0.8364583333333333 0.0625 0.0875
12 0.90234375 0.6604166666666667 0.0734375 0.0875
49 0.51640625 0.6645833333333333 0.0234375 0.03125