4 0.22578125 0.23854166666666668 0.0515625 0.06458333333333334
24 0.7453125 0.284375 0.03125 0.03958333333333333
21 0.25234375 0.12916666666666668 0.0546875 0.075
22 0.735671875 0.20902083333333332 0.035312500000000004 0.04472916666666667
32 0.4734375 0.7854166666666667 0.071875 0.1
30 0.67390625 0.5833958333333332 0.0396875 0.049854166666666665
2 0.12421875 0.359375 0.0453125 0.052083333333333336
34 0.0828125 0.5989583333333334 0.040625 0.04375
7 0.2734375 0.5427083333333333 0.04375 0.05625
29 0.64921875 0.7395833333333334 0.0421875 0.058333333333333334
15 0.35 0.3104166666666667 0.025 0.03333333333333333
8 0.4546875 0.525 0.034375 0.04583333333333333
27 0.584375 0.565625 0.021875 0.03125
12 0.39453125 0.4947916666666667 0.0578125 0.07708333333333334
18 0.24296875 0.36875 0.0265625 0.03333333333333333
25 0.553125 0.35833333333333334 0.021875 0.029166666666666667
31 0.31328125 0.8520833333333333 0.0609375 0.08333333333333333
23 0.4375 0.440625 0.025 0.035416666666666666
28 0.46484375 0.46458333333333335 0.0234375 0.029166666666666667
49 0.353125 0.3958333333333333 0.01875 0.025
13 0.36171875 0.4114583333333333 0.0265625 0.04791666666666667
14 0.53125 0.31666666666666665 0.03125 0.041666666666666664
49 0.546875 0.4041666666666667 0.01875 0.025
49 0.00390625 0.375 0.0078125 0.0375
50 0.55859375 0.415625 0.0203125 0.027083333333333334
11 0.398078125 0.4114583333333333 0.053859375 0.07291666666666667