21 0.6699531249999999 0.25166666666666665 0.047609374999999995 0.06333333333333332
4 0.63015625 0.34437500000000004 0.044687500000000005 0.059583333333333335
3 0.43203125 0.4395833333333333 0.0828125 0.10833333333333334
20 0.058640625 0.3052708333333333 0.048546875 0.05639583333333333
7 0.6359375 0.6239583333333333 0.040625 0.052083333333333336
2 0.525109375 0.44125000000000003 0.037703125 0.04916666666666667
34 0.46375 0.6366041666666666 0.030625000000000003 0.0418125
14 0.92578125 0.4332708333333333 0.0421875 0.04791666666666667
17 0.3203125 0.4197916666666667 0.025 0.03125
19 0.21375000000000002 0.3000625 0.042921875 0.05625
32 0.875 0.9416666666666667 0.090625 0.1125
9 0.25198437500000004 0.681875 0.052296875 0.06541666666666666
15 0.7328125 0.5135416666666667 0.0375 0.04791666666666667
0 0.103125 0.48854166666666665 0.040625 0.04791666666666667
25 0.9375 0.4791666666666667 0.028125 0.03333333333333333
5 0.01171875 0.5291666666666667 0.0234375 0.0375
18 0.600046875 0.45375000000000004 0.025109375 0.0280625
1 0.248484375 0.45264583333333336 0.034484375 0.042770833333333334
26 0.9234375 0.5322916666666667 0.028125 0.03125
11 0.793796875 0.5210416666666666 0.059265625 0.07125000000000001
15 0.705890625 0.40839583333333335 0.024265625 0.033479166666666664
16 0.7015625 0.4947916666666667 0.025 0.03125
37 0.183234375 0.681875 0.025828125 0.034583333333333334
8 0.8140625 0.646875 0.040625 0.04791666666666667
40 0.047703125 0.6288125 0.036046875 0.03847916666666666
33 0.27151562500000004 0.8610416666666667 0.06489062500000001 0.08625
6 0.109375 0.571875 0.03125 0.035416666666666666
38 0.284375 0.6510416666666666 0.025 0.03125
47 0.100421875 0.3725 0.028953125000000003 0.0344375
27 0.96484375 0.7291666666666666 0.0328125 0.0375
49 0.8125 0.58125 0.021875 0.029166666666666667
36 0.228125 0.6166666666666667 0.028125 0.029166666666666667
31 0.66953125 0.9395833333333333 0.0609375 0.0875
12 0.78671875 0.60625 0.0640625 0.07916666666666666
49 0.79375 0.5592291666666667 0.029171875000000003 0.010125
10 0.2375 0.578125 0.05625 0.07291666666666667