3 0.104734375 0.38077083333333334 0.053015625 0.06347916666666667
21 0.38359375 0.22083333333333333 0.0453125 0.06666666666666667
4 0.340671875 0.30895833333333333 0.043640625 0.05708333333333333
7 0.3375 0.5916666666666667 0.040625 0.05416666666666667
2 0.217140625 0.3969375 0.0390625 0.04777083333333333
24 0.78203125 0.4375 0.0296875 0.0375
22 0.77734375 0.365625 0.0296875 0.03958333333333333
32 0.54921875 0.84375 0.0671875 0.09583333333333334
34 0.135203125 0.6142291666666666 0.039171875 0.042645833333333334
14 0.584421875 0.42922916666666666 0.028015625 0.03735416666666667
29 0.67578125 0.85 0.0421875 0.058333333333333334
13 0.43125 0.48652083333333335 0.034375 0.043604166666666666
11 0.4890625 0.4895833333333333 0.05 0.06666666666666667
31 0.37109375 0.8895833333333333 0.0578125 0.08333333333333333
50 0.645421875 0.6965208333333333 0.034375 0.04472916666666667
15 0.403125 0.38964583333333336 0.021875 0.029020833333333333
30 0.70703125 0.703125 0.0390625 0.052083333333333336
18 0.297703125 0.4250625 0.025 0.03125
8 0.49609375 0.6104166666666667 0.0328125 0.041666666666666664
25 0.5875 0.4708333333333333 0.021875 0.029166666666666667
16 0.39765625 0.4739583333333333 0.0234375 0.03125
26 0.575 0.515625 0.01875 0.027083333333333334
27 0.6 0.6739583333333333 0.021875 0.03125
49 0.47421875 0.5229166666666667 0.0203125 0.025
12 0.483234375 0.5652083333333333 0.052296875 0.06541666666666666