4 0.22265625 0.24479166666666666 0.053125 0.06666666666666667
24 0.7421875 0.2791666666666667 0.03125 0.03958333333333333
21 0.24765625 0.13541666666666666 0.05625 0.07708333333333334
22 0.73203125 0.203125 0.0359375 0.04583333333333333
32 0.47734375 0.7864583333333334 0.0734375 0.10208333333333333
30 0.675 0.5791666666666667 0.040625 0.05
2 0.12265625 0.36770833333333336 0.0453125 0.05416666666666667
34 0.084375 0.6083333333333333 0.040625 0.04375
7 0.27421875 0.5479166666666667 0.04375 0.05625
29 0.65234375 0.7364583333333333 0.0421875 0.058333333333333334
15 0.34765625 0.31354166666666666 0.025 0.03333333333333333
8 0.4546875 0.5260416666666666 0.034375 0.04583333333333333
27 0.58515625 0.5635416666666667 0.021875 0.03125
12 0.39453125 0.496875 0.059375 0.07916666666666666
18 0.24140625 0.375 0.0265625 0.03333333333333333
25 0.5515625 0.3572916666666667 0.021875 0.029166666666666667
31 0.31796875 0.85625 0.0625 0.08541666666666667
23 0.43671875 0.44166666666666665 0.025 0.035416666666666666
28 0.4640625 0.465625 0.0234375 0.029166666666666667
49 0.3515625 0.39895833333333336 0.01875 0.025
13 0.3609375 0.41458333333333336 0.0265625 0.04791666666666667
14 0.52890625 0.315625 0.03125 0.041666666666666664
49 0.5453125 0.403125 0.01875 0.025
49 0.003125 0.3854166666666667 0.00625 0.0375
50 0.5578125 0.41458333333333336 0.0203125 0.027083333333333334
11 0.396875 0.41354166666666664 0.0546875 0.075