21 0.66328125 0.24375 0.05 0.06458333333333334
4 0.62578125 0.3385416666666667 0.046875 0.0625
3 0.43046875 0.4427083333333333 0.0859375 0.1125
20 0.05390625 0.3260416666666667 0.05 0.058333333333333334
7 0.6390625 0.6177083333333333 0.0421875 0.05416666666666667
2 0.5234375 0.440625 0.0390625 0.05
34 0.4671875 0.6385416666666667 0.03125 0.04375
14 0.9234375 0.41354166666666664 0.04375 0.05
17 0.31796875 0.428125 0.0265625 0.03333333333333333
19 0.20859375 0.31354166666666666 0.04375 0.058333333333333334
32 0.88671875 0.9239583333333333 0.09375 0.11666666666666667
9 0.25703125 0.69375 0.0546875 0.06875
15 0.7328125 0.503125 0.0390625 0.05
0 0.103125 0.5072916666666667 0.0421875 0.05
25 0.93671875 0.4583333333333333 0.0296875 0.035416666666666666
5 0.0125 0.5520833333333334 0.025 0.03958333333333333
18 0.5984375 0.44895833333333335 0.0265625 0.029166666666666667
1 0.24765625 0.46458333333333335 0.0359375 0.04375
26 0.92421875 0.5125 0.0296875 0.03333333333333333
11 0.79453125 0.5072916666666667 0.0609375 0.075
15 0.703125 0.39895833333333336 0.025 0.035416666666666666
16 0.7015625 0.48541666666666666 0.0265625 0.03333333333333333
37 0.18828125 0.696875 0.0265625 0.035416666666666666
8 0.81796875 0.6322916666666667 0.0421875 0.05
40 0.0515625 0.65 0.0375 0.03958333333333333
33 0.28125 0.871875 0.0671875 0.08958333333333333
6 0.11171875 0.5895833333333333 0.0328125 0.0375
38 0.28828125 0.6614583333333334 0.0265625 0.03333333333333333
47 0.09765625 0.39166666666666666 0.0296875 0.035416666666666666
27 0.9703125 0.7072916666666667 0.034375 0.03958333333333333
49 0.8140625 0.5666666666666667 0.021875 0.029166666666666667
36 0.23125 0.6291666666666667 0.028125 0.03125
31 0.68125 0.93125 0.0625 0.08958333333333333
12 0.7890625 0.5927083333333333 0.065625 0.08125
49 0.7953125 0.5458333333333333 0.0296875 0.0125
10 0.23984375 0.590625 0.0578125 0.075