22 0.659375 0.34375 0.0296875 0.03958333333333333
8 0.4203125 0.675 0.0375 0.05
28 0.421875 0.6135416666666667 0.0203125 0.03125
32 0.4609375 0.9291666666666667 0.0796875 0.1125
21 0.21171875 0.3145833333333333 0.05625 0.07083333333333333
14 0.48203125 0.46145833333333336 0.03125 0.04375
26 0.503125 0.5447916666666667 0.0234375 0.029166666666666667
12 0.3640625 0.64375 0.0578125 0.08125
25 0.50390625 0.49895833333333334 0.021875 0.029166666666666667
27 0.54921875 0.7010416666666667 0.025 0.03333333333333333
24 0.67734375 0.4114583333333333 0.0296875 0.0375
30 0.63828125 0.7010416666666667 0.040625 0.05416666666666667
29 0.63125 0.8666666666666667 0.0453125 0.0625
23 0.39609375 0.5916666666666667 0.0265625 0.0375
4 0.184375 0.4166666666666667 0.0515625 0.06458333333333334
2 0.07734375 0.5447916666666667 0.0484375 0.05625
7 0.23515625 0.7135416666666666 0.0453125 0.06041666666666667
49 0.30859375 0.559375 0.0203125 0.03333333333333333
15 0.3015625 0.47291666666666665 0.025 0.03333333333333333
18 0.19453125 0.5416666666666666 0.0296875 0.035416666666666666
34 0.0265625 0.80625 0.05 0.05625
50 0.15390625 0.878125 0.03125 0.04375
13 0.325 0.5677083333333334 0.0234375 0.04375
11 0.36171875 0.5625 0.05625 0.07708333333333334