3 0.8234375 0.5364583333333334 0.05 0.06041666666666667
43 0.03046875 0.2604166666666667 0.0484375 0.05416666666666667
2 0.93359375 0.5510416666666667 0.0484375 0.05625
45 0.32421875 0.334375 0.0515625 0.06875
49 0.834375 0.7677083333333333 0.0375 0.04791666666666667
44 0.0703125 0.39895833333333336 0.0375 0.03958333333333333
19 0.60359375 0.38868749999999996 0.038234375 0.052083333333333336
20 0.4765625 0.3905625 0.03125 0.04583333333333333
46 0.23015625 0.5146458333333334 0.033437499999999995 0.04152083333333333
10 0.620734375 0.6495833333333334 0.050624999999999996 0.06749999999999999
9 0.625 0.7552708333333332 0.05 0.06860416666666666
1 0.61328125 0.5333333333333333 0.0296875 0.041666666666666664
42 0.24453125 0.6010416666666667 0.0296875 0.035416666666666666
17 0.6765625 0.5109791666666667 0.025 0.03222916666666667
48 0.3140625 0.39791666666666664 0.028125 0.0375
0 0.49296875 0.5510416666666667 0.0296875 0.03958333333333333
40 0.43432812500000006 0.6667291666666666 0.025109375 0.0331875
36 0.5796875 0.688125 0.025 0.034312499999999996
35 0.374640625 0.706875 0.027390625000000002 0.034312499999999996
6 0.4828125 0.628125 0.025 0.03125
37 0.532078125 0.7422916666666667 0.021875 0.030145833333333334
5 0.4125 0.5792291666666666 0.021875 0.029020833333333333
39 0.30984375000000003 0.7120833333333334 0.024265625 0.03222916666666667
41 0.35078125 0.6375 0.0265625 0.0375
33 0.6477031249999999 0.9463958333333333 0.063953125 0.09472916666666667
47 0.48828125 0.45416666666666666 0.0203125 0.029166666666666667
49 0.8421875 0.757875 0.019796875 0.029083333333333336