3 0.82109375 0.5666666666666667 0.053125 0.06458333333333334
43 0.04453125 0.21770833333333334 0.0515625 0.058333333333333334
2 0.9296875 0.5916666666666667 0.0515625 0.06041666666666667
45 0.33359375 0.31875 0.0546875 0.07291666666666667
49 0.81953125 0.7979166666666667 0.040625 0.052083333333333336
44 0.0765625 0.359375 0.0390625 0.04375
19 0.609375 0.39895833333333336 0.040625 0.05625
20 0.48203125 0.3885416666666667 0.0328125 0.04791666666666667
46 0.2296875 0.4895833333333333 0.0359375 0.04375
10 0.6125 0.6604166666666667 0.0546875 0.07291666666666667
9 0.61171875 0.7666666666666667 0.053125 0.07291666666666667
1 0.6109375 0.54375 0.03125 0.04375
42 0.23984375 0.5770833333333333 0.03125 0.0375
17 0.67578125 0.5270833333333333 0.0265625 0.035416666666666666
48 0.31953125 0.38125 0.0296875 0.03958333333333333
0 0.490625 0.55 0.03125 0.041666666666666664
40 0.42578125 0.6604166666666667 0.0265625 0.035416666666666666
36 0.56953125 0.6947916666666667 0.0265625 0.0375
35 0.3640625 0.6947916666666667 0.0296875 0.0375
6 0.47578125 0.6260416666666667 0.0265625 0.03333333333333333
37 0.51953125 0.7447916666666666 0.0234375 0.03125
5 0.40859375 0.5708333333333333 0.0234375 0.03125
39 0.29921875 0.69375 0.0265625 0.035416666666666666
41 0.34375 0.6229166666666667 0.028125 0.03958333333333333
33 0.6234375 0.9541666666666667 0.06875 0.09166666666666666
47 0.490625 0.453125 0.021875 0.03125
49 0.828125 0.7895833333333333 0.021875 0.03125