7 0.94921875 0.7979166666666667 0.0609375 0.07083333333333333
3 0.7109375 0.5427083333333333 0.0453125 0.058333333333333334
4 0.959375 0.4666666666666667 0.0625 0.06875
2 0.80859375 0.559375 0.04375 0.052083333333333336
45 0.22734375 0.31354166666666666 0.059375 0.075
19 0.5140625 0.3875 0.0375 0.05
18 0.8875 0.590625 0.0296875 0.0375
49 0.99453125 0.3614583333333333 0.0109375 0.05625
20 0.3890625 0.38333333333333336 0.0328125 0.04791666666666667
46 0.121875 0.49270833333333336 0.0421875 0.04791666666666667
34 0.71875 0.7583333333333333 0.034375 0.04583333333333333
9 0.52109375 0.7458333333333333 0.0515625 0.07083333333333333
17 0.5828125 0.5135416666666667 0.025 0.03333333333333333
50 0.69453125 0.7697916666666667 0.0296875 0.03958333333333333
42 0.13671875 0.5875 0.0328125 0.03958333333333333
10 0.51953125 0.64375 0.0515625 0.06666666666666667
48 0.21875 0.37604166666666666 0.0328125 0.041666666666666664
0 0.4015625 0.5458333333333333 0.03125 0.041666666666666664
40 0.3390625 0.6572916666666667 0.0265625 0.035416666666666666
35 0.275 0.6979166666666666 0.028125 0.0375
6 0.38984375 0.621875 0.025 0.035416666666666666
41 0.2515625 0.6302083333333334 0.03125 0.041666666666666664
39 0.2046875 0.7020833333333333 0.028125 0.035416666666666666
37 0.4375 0.7364583333333333 0.021875 0.03333333333333333
36 0.484375 0.68125 0.028125 0.0375
5 0.31953125 0.5708333333333333 0.025 0.03125
1 0.52265625 0.5322916666666667 0.03125 0.041666666666666664
47 0.40078125 0.446875 0.021875 0.03125
33 0.534375 0.9291666666666667 0.0640625 0.09375