7 0.96015625 0.7666666666666667 0.0578125 0.06666666666666667
3 0.7125 0.528125 0.04375 0.05625
4 0.9578125 0.4344375 0.059375 0.0644375
2 0.81015625 0.5375 0.0421875 0.05
45 0.2203125 0.3333333333333333 0.05625 0.07083333333333333
19 0.509484375 0.38645833333333335 0.035828125 0.04791666666666667
18 0.890625 0.5635416666666667 0.028125 0.035416666666666666
49 0.99140625 0.328125 0.0140625 0.05625
20 0.384375 0.39166666666666666 0.03125 0.04583333333333333
46 0.121875 0.51875 0.040625 0.04583333333333333
34 0.72890625 0.7427083333333333 0.0328125 0.04375
9 0.53046875 0.74375 0.0484375 0.06666666666666667
17 0.58359375 0.5072916666666667 0.0234375 0.03125
50 0.7046875 0.75625 0.028125 0.0375
42 0.140671875 0.6125624999999999 0.031140624999999998 0.03735416666666667
10 0.5254218749999999 0.6417291666666666 0.049171875 0.06431250000000001
48 0.2140625 0.39577083333333335 0.03125 0.03958333333333333
0 0.40354687499999997 0.5521458333333332 0.030421874999999998 0.03958333333333333
40 0.3453125 0.66875 0.025 0.03333333333333333
35 0.282859375 0.7136041666666666 0.0265625 0.035270833333333335
6 0.39453125 0.6291666666666667 0.0234375 0.03333333333333333
41 0.25703125 0.6469374999999999 0.0296875 0.03972916666666667
39 0.21328125 0.7229166666666667 0.0265625 0.03333333333333333
37 0.44703125000000005 0.7407708333333333 0.0203125 0.03125
36 0.49140625 0.6822916666666666 0.0265625 0.035416666666666666
5 0.32265625 0.5828541666666667 0.0234375 0.030145833333333334
1 0.523484375 0.5302083333333333 0.0296875 0.03958333333333333
47 0.39921875 0.45416666666666666 0.0203125 0.029166666666666667
33 0.55078125 0.9260416666666667 0.0609375 0.08958333333333333